P0, T0, V0, sigmaKsi, sigmaTau, sigma, Beta, Delta
0.34867, 69.9995, 0.059894, 0.181096, 35.6141, 0.068891, 0.000267999, 0.497916, -2.99902, -1.99826, -1.00072, 
0.336814, 70.2166, 0.0571578, 0.483871, 143.002, 0.00242642, 0.000622664, 0.499477, -3.00046, -2.00169, -1.00027, 
0.330699, 70.2621, 0.0565154, 0.546156, 163.232, 0.000927848, 0.00274946, 0.497396, -2.99493, -2.0053, -0.997682, 
0.322525, 70.2856, 0.0557432, 0.563378, 158.823, 0.000877399, 0.00123289, 0.497151, -2.99517, -2.01164, -0.988959, 
0.319122, 70.2915, 0.0554515, 0.613653, 159.502, 0.000872358, -0.00198567, 0.49669, -2.99633, -2.00739, -0.979318, 
0.319213, 70.2698, 0.0543627, 0.629307, 160.369, 0.000874261, -0.00142369, 0.494189, -3.00886, -2.0149, -0.976702, 
0.31736, 70.3553, 0.0541067, 0.62299, 166.448, 0.000873074, -0.00215828, 0.493038, -3.00799, -2.02084, -0.973901, 
0.315621, 70.3813, 0.0545956, 0.602961, 163.485, 0.000872155, -0.00422138, 0.491498, -3.02002, -2.01707, -0.977773, 
0.31253, 70.3985, 0.0540851, 0.636222, 169.712, 0.000867053, -0.00551876, 0.492354, -3.02055, -2.01976, -0.983931, 
0.309309, 70.4228, 0.0548834, 0.632501, 155.437, 0.000866056, -0.0086771, 0.492876, -3.025, -2.02242, -0.977172, 
0.309728, 70.4551, 0.0546274, 0.660859, 159.945, 0.000863226, -0.0092448, 0.491955, -3.02492, -2.01926, -0.972537, 
0.303079, 70.4395, 0.054075, 0.650509, 158.086, 0.00085819, -0.0118658, 0.489434, -3.0353, -2.01453, -0.976995, 
0.301207, 70.4099, 0.0546346, 0.663752, 154.298, 0.000859706, -0.0110707, 0.488985, -3.03302, -2.01448, -0.969834, 
0.29627, 70.3974, 0.055011, 0.697184, 155.96, 0.000861825, -0.0109888, 0.490132, -3.03592, -2.00828, -0.970995, 
0.291465, 70.4247, 0.0551449, 0.662853, 148.474, 0.000861441, -0.0143783, 0.489655, -3.04377, -2.00893, -0.975952, 
0.287513, 70.428, 0.0542545, 0.672999, 143.949, 0.00086233, -0.0143673, 0.490154, -3.03346, -2.01203, -0.970381, 
0.283896, 70.4213, 0.0542509, 0.665672, 133.438, 0.000859551, -0.0169649, 0.49238, -3.02657, -2.01395, -0.967504, 
0.275693, 70.4258, 0.052755, 0.627691, 140.434, 0.000871042, -0.0180192, 0.492878, -3.02074, -2.0114, -0.970576, 
0.272434, 70.4309, 0.0521314, 0.625881, 134.939, 0.000866709, -0.0176757, 0.493123, -3.01675, -2.02115, -0.978739, 
0.268674, 70.4466, 0.0521307, 0.640684, 125.545, 0.000858471, -0.0202063, 0.492294, -3.02072, -2.02025, -0.976433, 
0.268359, 70.4935, 0.0523023, 0.650869, 123.861, 0.000850739, -0.0228242, 0.491497, -3.02462, -2.0152, -0.983462, 
0.267714, 70.5062, 0.0518967, 0.648639, 125.517, 0.000854951, -0.0272453, 0.491234, -3.02717, -2.0251, -0.981921, 
0.26782, 70.5262, 0.0513757, 0.657406, 123.659, 0.00086427, -0.0292659, 0.488648, -3.03446, -2.02687, -0.985495, 
0.268768, 70.5144, 0.0522095, 0.662575, 126.386, 0.000850725, -0.0333115, 0.48961, -3.02888, -2.0402, -0.983553, 
0.265215, 70.4757, 0.0517768, 0.656982, 121.286, 0.00084684, -0.0341631, 0.489536, -3.03701, -2.03721, -0.988746, 
0.260722, 70.4917, 0.0507664, 0.670436, 120.928, 0.00083751, -0.037235, 0.489597, -3.03332, -2.0287, -0.995706, 
0.259469, 70.4964, 0.0499332, 0.666486, 128.766, 0.000848338, -0.039069, 0.489794, -3.02825, -2.01899, -1.00023, 
0.254265, 70.5705, 0.0497291, 0.65607, 117.528, 0.00083349, -0.0409485, 0.490223, -3.03632, -2.0192, -1.00457, 
0.257121, 70.5652, 0.0497498, 0.635334, 112.691, 0.000847284, -0.0439089, 0.490545, -3.04355, -2.01783, -1.00922, 
0.259074, 70.6105, 0.0495009, 0.649816, 115.399, 0.000838602, -0.044829, 0.48892, -3.04373, -2.02111, -1.01093, 
0.257974, 70.6336, 0.0490346, 0.616314, 113.728, 0.000841545, -0.0457537, 0.489226, -3.04652, -2.01537, -1.01266, 
0.255879, 70.6202, 0.0479904, 0.624344, 120.558, 0.000840036, -0.0474321, 0.487721, -3.04473, -2.00782, -1.01288, 
0.252827, 70.6367, 0.0472829, 0.620586, 111.887, 0.00083508, -0.0505646, 0.488236, -3.04727, -2.0051, -1.01032, 
0.252307, 70.6613, 0.0481466, 0.640385, 109.076, 0.000833625, -0.0511709, 0.486391, -3.05678, -2.00698, -1.00236, 
0.247799, 70.6683, 0.0476172, 0.651366, 111.721, 0.000838148, -0.0557369, 0.485333, -3.06466, -2.00639, -0.997782, 
0.244453, 70.6112, 0.0478175, 0.63788, 107.45, 0.000829212, -0.0571001, 0.485557, -3.07911, -2.00814, -1.00044, 
0.241335, 70.6529, 0.0483495, 0.662377, 106.21, 0.000830002, -0.0584678, 0.483648, -3.07568, -2.00863, -0.995072, 
0.238251, 70.6368, 0.0479728, 0.657787, 102.188, 0.000827199, -0.0595119, 0.482961, -3.07668, -2.00633, -0.977719, 
0.235785, 70.6293, 0.0469346, 0.633764, 98.1096, 0.000827563, -0.062725, 0.480647, -3.07838, -2.00239, -0.965764, 
0.237537, 70.6759, 0.0473533, 0.619724, 97.4947, 0.000822441, -0.0648917, 0.479767, -3.07089, -2.00202, -0.964907, 
0.237221, 70.6399, 0.0480504, 0.617131, 99.358, 0.000818219, -0.0653514, 0.480891, -3.05955, -1.99992, -0.964161, 
0.236292, 70.6184, 0.0479334, 0.630929, 100.719, 0.000825853, -0.0668247, 0.480816, -3.06645, -1.99656, -0.957397, 
0.239422, 70.6412, 0.0469256, 0.60028, 104.855, 0.000819731, -0.068342, 0.483408, -3.06357, -1.98734, -0.954608, 
0.239183, 70.6579, 0.0472756, 0.610916, 105.783, 0.000825005, -0.068069, 0.484087, -3.06241, -1.98783, -0.962101, 
0.232631, 70.6926, 0.0465451, 0.587843, 98.464, 0.000817102, -0.0665311, 0.485297, -3.0746, -1.99031, -0.959593, 
0.229845, 70.6975, 0.0457881, 0.594434, 95.8334, 0.000825708, -0.0641646, 0.485353, -3.07205, -1.99009, -0.959506, 
0.229755, 70.7012, 0.0454448, 0.596227, 94.2973, 0.000829725, -0.0650703, 0.485718, -3.06994, -1.96683, -0.950517, 
0.2291, 70.68, 0.0457313, 0.634336, 99.9049, 0.000830151, -0.0661937, 0.482571, -3.07798, -1.96521, -0.944623, 
0.228997, 70.6734, 0.0458983, 0.627677, 96.8392, 0.000828902, -0.0690339, 0.481805, -3.07797, -1.961, -0.940322, 
0.225578, 70.684, 0.0446968, 0.626838, 94.201, 0.000816589, -0.0707859, 0.48202, -3.07871, -1.95493, -0.932053, 
0.220739, 70.6935, 0.0437191, 0.638566, 92.1924, 0.000817598, -0.0724136, 0.482013, -3.08304, -1.95319, -0.932129, 
0.219881, 70.7287, 0.0440315, 0.644907, 89.1121, 0.000812428, -0.0744022, 0.480234, -3.08943, -1.94742, -0.928698, 
0.222959, 70.7201, 0.0433136, 0.639241, 88.4427, 0.000817438, -0.0769254, 0.481141, -3.09015, -1.945, -0.929156, 
0.222828, 70.7591, 0.0431464, 0.637434, 90.9303, 0.000820944, -0.0774129, 0.481026, -3.0966, -1.94612, -0.928865, 
0.220392, 70.7107, 0.0426294, 0.627391, 85.9411, 0.000813588, -0.0776454, 0.480926, -3.10176, -1.93796, -0.921036, 
0.21811, 70.7116, 0.0420867, 0.613079, 84.1643, 0.000811776, -0.0797726, 0.48148, -3.10472, -1.93315, -0.919701, 
0.214913, 70.7444, 0.041456, 0.566093, 85.3832, 0.000813021, -0.0824818, 0.479829, -3.10826, -1.93646, -0.910972, 
0.210533, 70.6815, 0.0408164, 0.586523, 84.8935, 0.000816539, -0.0839404, 0.478631, -3.12102, -1.9323, -0.914998, 
0.210616, 70.6735, 0.0404033, 0.592799, 86.8823, 0.000816936, -0.085706, 0.478529, -3.12199, -1.94135, -0.906457, 
0.210427, 70.695, 0.0400739, 0.572725, 79.3588, 0.000806784, -0.0883837, 0.475307, -3.1222, -1.94092, -0.903679, 
0.204836, 70.6761, 0.0392586, 0.55594, 80.1103, 0.00080992, -0.0883522, 0.472938, -3.13451, -1.93328, -0.898952, 
0.207655, 70.6622, 0.0391549, 0.541778, 87.2383, 0.000816345, -0.0886794, 0.473508, -3.13985, -1.93132, -0.902731, 
0.20975, 70.6234, 0.0390566, 0.552087, 81.3545, 0.000804566, -0.087895, 0.470904, -3.13607, -1.93241, -0.897402, 
0.205346, 70.6619, 0.0390286, 0.565005, 84.8861, 0.000804913, -0.0921951, 0.469805, -3.13506, -1.93357, -0.886463, 
0.208518, 70.6605, 0.0382505, 0.520454, 83.5781, 0.000799603, -0.0948255, 0.469459, -3.14317, -1.93053, -0.88629, 
0.206676, 70.664, 0.0379245, 0.501511, 89.5765, 0.000812794, -0.0975303, 0.470019, -3.13637, -1.94385, -0.889967, 
0.206019, 70.6294, 0.0375599, 0.528822, 84.9011, 0.000807549, -0.0996567, 0.467833, -3.13344, -1.9634, -0.897078, 
0.203895, 70.6363, 0.0367955, 0.50702, 83.169, 0.00081, -0.100041, 0.466952, -3.13202, -1.96832, -0.892267, 
0.202944, 70.6356, 0.0368259, 0.51963, 77.9832, 0.000807774, -0.102959, 0.467032, -3.13345, -1.96959, -0.896558, 
0.202621, 70.6791, 0.0355014, 0.493149, 72.6461, 0.000805511, -0.103214, 0.464044, -3.13361, -1.96119, -0.898789, 
0.196604, 70.7301, 0.0349109, 0.512969, 73.8628, 0.000808433, -0.104618, 0.465035, -3.13509, -1.95625, -0.897574, 
0.195318, 70.7215, 0.0344588, 0.517837, 72.6302, 0.000797661, -0.106528, 0.465303, -3.13268, -1.9563, -0.905422, 
0.188119, 70.7123, 0.0335208, 0.520263, 69.3108, 0.000799245, -0.108851, 0.463506, -3.13849, -1.96022, -0.892541, 
0.185837, 70.646, 0.0330007, 0.502624, 67.6098, 0.000792762, -0.10904, 0.462699, -3.13809, -1.96838, -0.892364, 
0.182468, 70.6775, 0.0326614, 0.50572, 64.5917, 0.000798297, -0.110165, 0.462804, -3.13793, -1.97865, -0.900511, 
0.179768, 70.6462, 0.0322432, 0.520791, 69.0531, 0.000795964, -0.113362, 0.461913, -3.13075, -1.98347, -0.908955, 
0.177521, 70.6132, 0.0318772, 0.525784, 64.3176, 0.000794938, -0.116555, 0.461802, -3.12488, -1.98031, -0.906533, 
0.174398, 70.6419, 0.0315143, 0.532656, 66.056, 0.000797151, -0.118625, 0.461902, -3.12789, -1.98338, -0.907235, 
0.172319, 70.6293, 0.031053, 0.470208, 65.2681, 0.000794738, -0.119837, 0.46128, -3.12679, -1.98515, -0.9127, 
0.169114, 70.6211, 0.0301986, 0.5028, 63.1777, 0.000794397, -0.121065, 0.461895, -3.12408, -1.97775, -0.91636, 
0.167668, 70.6594, 0.0303869, 0.477698, 66.088, 0.000797576, -0.122717, 0.461904, -3.12195, -1.9706, -0.91039, 
0.163366, 70.6514, 0.0300518, 0.483663, 58.7796, 0.00079543, -0.12333, 0.458551, -3.11705, -1.96275, -0.907871, 
0.163588, 70.6415, 0.0296805, 0.471871, 60.1778, 0.000784047, -0.1245, 0.457939, -3.1085, -1.96686, -0.905955, 
0.162362, 70.6091, 0.0295241, 0.460697, 62.5032, 0.000794746, -0.125555, 0.459802, -3.10873, -1.97958, -0.908765, 
0.159373, 70.5745, 0.0289311, 0.45604, 61.3754, 0.000795186, -0.127395, 0.460308, -3.10774, -1.97266, -0.910195, 
0.15545, 70.5927, 0.0286192, 0.512983, 56.6645, 0.000795217, -0.129421, 0.460049, -3.11227, -1.97028, -0.901124, 
0.154141, 70.5819, 0.0281775, 0.520498, 59.2665, 0.000790929, -0.131129, 0.460566, -3.10177, -1.96671, -0.897444, 
0.15541, 70.5808, 0.0284426, 0.541705, 60.4844, 0.000788701, -0.131307, 0.459727, -3.09786, -1.96848, -0.901097, 
0.152775, 70.614, 0.027612, 0.519363, 57.5853, 0.000783593, -0.13412, 0.457829, -3.09932, -1.96813, -0.894596, 
0.153366, 70.6695, 0.0275339, 0.505626, 58.0244, 0.000786959, -0.135285, 0.455362, -3.09868, -1.96567, -0.881433, 
0.15467, 70.6382, 0.0274433, 0.503057, 63.5411, 0.000796881, -0.137152, 0.454544, -3.09963, -1.95639, -0.877035, 
0.152631, 70.5765, 0.0272992, 0.488605, 61.1205, 0.000793588, -0.138975, 0.450624, -3.11379, -1.95728, -0.88361, 
0.15538, 70.5948, 0.0272784, 0.479131, 61.4136, 0.000780338, -0.140442, 0.450897, -3.1022, -1.96348, -0.888618, 
0.152324, 70.5859, 0.0272194, 0.482123, 59.116, 0.000777963, -0.143959, 0.451489, -3.09551, -1.95531, -0.885268, 
