
Realization : Beta#0, Nb components : 1
0.00085404, -0.0340769, 0.0533783, -0.0730561, -0.175559, -0.048414, -0.152217, -0.102145, -0.202166, -0.309323, -0.309323, 

Realization : Beta#1, Nb components : 1
0.982152, 0.982152, 0.815344, 0.910634, 0.890738, 0.716847, 0.639957, 0.753575, 0.841477, 0.74464, 0.74464, 

Realization : Beta#2, Nb components : 1
1.92355, 1.81549, 1.81549, 1.79179, 1.89819, 1.86227, 1.82052, 1.82052, 1.68175, 1.64324, 1.64324, 

Realization : Beta#3, Nb components : 1
2.95697, 3.03627, 3.07395, 3.07395, 3.09531, 3.09531, 3.09531, 3.24742, 3.20382, 3.18486, 3.15176, 

Realization : Delta#0, Nb components : 1
-0.0414634, -0.024758, -0.017353, -0.00881021, -0.019227, -0.0171631, -0.0140409, -0.00049262, -0.0131857, -0.0181849, -0.0277017, 

Realization : Delta#1, Nb components : 1
0.435884, 0.447587, 0.443537, 0.441711, 0.449594, 0.435979, 0.448032, 0.446092, 0.451849, 0.45481, 0.459878, 

Realization : Ksi, Nb components : 100
0.0333151, 0.0469123, 0.0573925, 0.0546927, 0.0552276, 0.0672176, 0.0691388, 0.0691388, 0.0691388, 0.0810471, 0.0901846, 
-0.037504, -0.0449607, -0.0442174, -0.0410461, -0.0452598, -0.042494, -0.0358218, -0.0243781, -0.0243781, -0.0363637, -0.035865, 
0.0269047, 0.0204115, 0.028105, 0.029584, 0.029584, 0.0338592, 0.0203423, 0.0264397, 0.0154528, 0.0154528, 0.00188981, 
0.000129629, 0.0176783, 0.00402269, 0.00276506, -0.00400623, 0.00086109, 0.00656593, 0.00656593, 0.0205487, 0.0106199, 0.023739, 
-0.00302409, -0.00302409, 0.0178166, 0.00859077, 0.0153164, 0.0323188, 0.0233779, 0.0172876, 0.0172876, 0.0217133, 0.0246637, 
-0.012818, -0.00506902, 0.00973136, 0.00516175, 0.0107024, 0.0151234, 0.0281186, 0.0458822, 0.0371456, 0.0371456, 0.0368358, 
0.00307771, -0.00554893, -0.0162553, 0.000700141, -0.0110937, -0.0226944, -0.024807, -0.0404168, -0.0393738, -0.0345501, -0.0276811, 
-0.0589572, -0.0626378, -0.0638277, -0.0651685, -0.0614882, -0.0610238, -0.0579544, -0.0579544, -0.0561615, -0.0448008, -0.0246969, 
-0.0134804, -0.00382131, 0.00417835, 0.00590424, 0.0129146, 0.0316961, 0.0150789, 0.0273741, 0.0273741, 0.0364829, 0.0437133, 
0.0225079, 0.0203233, 0.00755987, -0.00734346, -0.00094313, 0.0115692, 0.0192953, 0.023446, 0.0345911, 0.0259632, 0.0240914, 
-0.054342, -0.0535099, -0.0617596, -0.0719264, -0.069248, -0.0550925, -0.0648035, -0.0575776, -0.055844, -0.0579554, -0.0720512, 
-0.023742, -0.041003, -0.0430869, -0.0325295, -0.0265697, -0.0265697, -0.00746205, 0.00758978, 0.0169011, 0.0176103, 0.0180955, 
-0.00590417, 0.000981944, 0.00617959, 0.00512713, 0.00993517, 0.0207897, 0.0116518, 0.023497, 0.0259371, 0.0326127, 0.0330537, 
-0.0390531, -0.0461265, -0.0288478, -0.0367134, -0.0379799, -0.0369469, -0.0318075, -0.031854, -0.0365569, -0.0329268, -0.0174527, 
-0.00219064, -0.000604492, 0.0044857, 0.00723587, 0.00105774, 0.000103186, -0.00890033, 0.0141602, -0.00163145, -0.00475794, -0.0168665, 
-0.088824, -0.106358, -0.0995954, -0.101959, -0.0963524, -0.0972438, -0.101644, -0.110185, -0.110185, -0.120277, -0.115031, 
0.00180563, -0.0106812, -0.00575845, -0.00169833, -0.000101185, -0.000101185, 0.00722664, 0.0154319, 0.0337457, 0.0290588, 0.0438458, 
0.0409607, 0.0231778, 0.0164133, 0.0094266, -0.0135915, -0.0136253, -0.0203989, -0.0165954, -0.0371296, -0.0578403, -0.0702054, 
-0.0573932, -0.0507481, -0.0456386, -0.0522617, -0.0533625, -0.0475766, -0.0338867, -0.0302902, -0.0345059, -0.0285825, -0.012736, 
0.0102742, 0.00830576, 0.0126295, 0.00545312, -0.00124563, -0.00124563, -0.00308143, -0.00486446, 0.00623442, -0.00436678, 0.0115354, 
0.118801, 0.126589, 0.1322, 0.144321, 0.152928, 0.165931, 0.155713, 0.153316, 0.156867, 0.145622, 0.147449, 
0.0307088, 0.0253457, 0.0236316, 0.0346015, 0.034889, 0.0382154, 0.0249835, 0.0230622, 0.00815511, 0.0252545, 0.0266107, 
0.0576401, 0.0450772, 0.0335437, 0.040513, 0.0429265, 0.0365892, 0.0406233, 0.0469725, 0.0479056, 0.0595483, 0.0319012, 
0.0690902, 0.0694041, 0.0959826, 0.0789326, 0.0817942, 0.0821691, 0.0871066, 0.081469, 0.0925342, 0.0925342, 0.0930956, 
0.0715308, 0.0715308, 0.0691052, 0.066134, 0.0537364, 0.061195, 0.0594662, 0.0673881, 0.0559517, 0.0559517, 0.0369479, 
0.047446, 0.0616673, 0.0504419, 0.0350002, 0.0240719, 0.0115793, 0.0226948, 0.00915546, 0.001168, -0.0117795, -0.0388175, 
-0.126511, -0.117214, -0.121546, -0.121546, -0.120533, -0.0980146, -0.0980146, -0.10119, -0.10119, -0.104447, -0.0999648, 
0.0720827, 0.0710822, 0.0730307, 0.087313, 0.0976158, 0.0943608, 0.0767428, 0.0692743, 0.0758225, 0.0660138, 0.0660138, 
-0.0123856, -0.0244802, -0.0244802, -0.0202261, -0.033208, -0.027869, -0.0254503, -0.0367553, -0.0365462, -0.045306, -0.0338832, 
0.0576362, 0.0413716, 0.0289131, 0.030373, 0.0434716, 0.0390996, 0.0186736, 0.00294178, 0.00921303, -0.011757, -0.017244, 
-0.0910763, -0.0994762, -0.104253, -0.106904, -0.103704, -0.105654, -0.0939744, -0.0796323, -0.087571, -0.0755486, -0.0737664, 
0.0621391, 0.0584192, 0.0823448, 0.0745564, 0.0569236, 0.05657, 0.0621122, 0.0695643, 0.0588149, 0.0588149, 0.0618096, 
0.0192658, 0.0178111, 0.015138, 0.0166251, 0.0145848, 0.0183337, 0.00671734, 0.0128296, 0.00937281, 0.00561931, 0.0179966, 
0.0201001, 0.0114964, 0.0318979, 0.0386743, 0.0380515, 0.0230195, 0.0318877, 0.049597, 0.0625076, 0.0672651, 0.0514206, 
0.0148687, 0.0276119, 0.0272818, 0.0338093, 0.0284947, 0.0288212, 0.0412351, 0.03168, 0.0309509, 0.0324618, 0.0369774, 
0.0408106, 0.0343172, 0.0554626, 0.052071, 0.0511135, 0.0586118, 0.0648612, 0.0723205, 0.0720912, 0.0729102, 0.0612216, 
0.0380142, 0.0443856, 0.0407121, 0.0407121, 0.0367923, 0.0198922, 0.00414772, 0.0171835, 0.0129202, 0.00142397, -0.00597323, 
0.0373034, 0.0301138, 0.0168537, -0.0156197, -0.00661945, -0.01692, -0.0184001, -0.0342963, -0.0309875, -0.0309875, -0.0274854, 
-0.0291837, -0.0291837, -0.0243163, -0.015263, -0.0157396, -0.0216931, -0.0135375, -0.0220098, -0.021663, -0.0202792, -0.0175432, 
-0.0419973, -0.0449407, -0.0520438, -0.0387059, -0.0381443, -0.0403205, -0.0443646, -0.0473583, -0.0514889, -0.0581277, -0.0587141, 
-0.0377153, -0.0451132, -0.044808, -0.0448098, -0.0398922, -0.0403855, -0.0495564, -0.0343863, -0.0446325, -0.0467838, -0.0521152, 
0.00872503, 0.000260562, 0.0137967, 0.00501602, -0.000632627, -0.0123109, 0.0234642, 0.0259772, 0.0303813, 0.0190285, 0.0146704, 
0.0637157, 0.0569691, 0.0498729, 0.0484361, 0.0504361, 0.0346361, 0.0507553, 0.049467, 0.0261779, 0.0242583, 0.0401491, 
0.0341836, 0.0286212, 0.0205657, 0.0200843, 0.0205791, 0.0135874, 0.0109872, 0.00796229, 0.0180157, 0.0191408, 0.0277027, 
-0.080582, -0.0845123, -0.0726688, -0.0609575, -0.0716945, -0.0716945, -0.0653345, -0.0676578, -0.0690363, -0.0619439, -0.0666702, 
-0.0341616, -0.033257, -0.0302933, -0.0191067, -0.00670156, -0.00608591, -0.0183335, -0.0102251, -0.00168972, -0.00301826, -0.00809357, 
0.0438263, 0.0376996, 0.0290258, 0.0351065, 0.0436669, 0.0435482, 0.0362526, 0.0323201, 0.0323201, 0.0332018, 0.0404223, 
-0.0436574, -0.0340541, -0.0340541, -0.0356324, -0.0290103, -0.0254726, -0.0166994, -0.0144403, -0.015136, -0.0111248, -0.014254, 
-0.0479515, -0.0322397, -0.0276319, -0.0266336, -0.0362735, -0.0389658, -0.0383863, -0.0191101, -0.0206066, -0.0355035, -0.027644, 
0.0273423, 0.0172219, 0.0135391, 0.0135391, 0.0247336, 0.0320767, 0.0459628, 0.0459628, 0.0490068, 0.0501684, 0.0556389, 
0.0238163, 0.0336695, 0.0358703, 0.0466992, 0.0466758, 0.0366095, 0.0380358, 0.0382262, 0.0613431, 0.0602071, 0.0569066, 
-0.030876, -0.0109883, -0.00910656, -0.00992822, -0.00896785, 0.0133531, 0.00888818, 0.0227749, 0.0227749, 0.0249104, 0.0216091, 
-0.0342633, -0.0488235, -0.0558174, -0.0551764, -0.0634235, -0.0685965, -0.067637, -0.0751611, -0.0708078, -0.0648317, -0.0651442, 
-0.0749349, -0.0633544, -0.0637283, -0.0611159, -0.0564458, -0.0770321, -0.0755033, -0.0742423, -0.0689914, -0.0770088, -0.0761626, 
-0.047625, -0.0340961, -0.0144982, -0.0105679, -0.0204598, -0.0158803, -0.0158803, -0.0149126, -0.0196688, -0.0095629, -0.00997042, 
-0.0645113, -0.0627255, -0.0609261, -0.0586548, -0.0434247, -0.0412822, -0.0373201, -0.0596355, -0.0574413, -0.038418, -0.0397739, 
-0.0573181, -0.0527293, -0.0527293, -0.0477328, -0.0396063, -0.0331991, -0.0305605, -0.0326866, -0.0345435, -0.0298146, -0.0392014, 
0.0042752, -0.0055532, 0.00415221, -0.000552745, 0.0109472, 0.02032, 0.0341611, 0.0386216, 0.0357262, 0.0307196, 0.0266136, 
0.0260377, 0.0266289, 0.0273428, 0.0203145, 0.0278168, 0.0306201, 0.0392702, 0.0381847, 0.0298221, 0.0374576, 0.0324493, 
-0.0386046, -0.0367376, -0.0227336, -0.0145694, -0.028614, -0.0217008, -0.0306191, -0.0282389, -0.0282389, -0.0334769, -0.0402054, 
0.0565202, 0.0597911, 0.0478223, 0.0377578, 0.0402646, 0.0402646, 0.023048, 0.0277223, 0.0164919, 0.0135666, 0.00906887, 
-0.0743291, -0.0836308, -0.0821183, -0.0785849, -0.0560876, -0.0574675, -0.0545918, -0.0564675, -0.0704212, -0.0795768, -0.0634669, 
-0.0269088, -0.0235411, -0.0239915, -0.0259386, -0.024254, -0.0204495, -0.0204495, -0.0275399, -0.0160562, -0.0193723, -0.019503, 
0.0122773, 0.0102658, -0.00440799, 0.0106709, 0.00765274, 0.0121427, 0.00770647, 0.0204581, 0.0145284, 0.0228533, 0.0242098, 
-0.0682896, -0.0761231, -0.062442, -0.0653651, -0.0641716, -0.0641716, -0.0681582, -0.0681582, -0.0620768, -0.0642099, -0.0705612, 
-0.0224398, -0.0352662, -0.0352662, -0.0218712, -0.0261469, -0.0237503, -0.030294, -0.030294, -0.0303246, -0.0359819, -0.0500463, 
0.036543, 0.0393297, 0.0459409, 0.0606981, 0.0842551, 0.0844564, 0.0741811, 0.0666194, 0.0620339, 0.0695601, 0.0577973, 
0.0442757, 0.0531399, 0.047276, 0.0470109, 0.0404553, 0.0256815, 0.0379709, 0.046962, 0.0294192, 0.0294192, 0.0215642, 
-0.00128955, 0.0114359, 0.0157346, 0.0222155, 0.0256871, 0.0257282, 0.0411668, 0.0468209, 0.0503347, 0.0372484, 0.0485482, 
-0.000476076, 0.00104694, 0.0115165, 0.00846015, 0.00144277, 0.00301287, -0.0096336, -0.0178797, -0.0215233, -0.00881678, 0.00427323, 
0.0587089, 0.0669876, 0.0556325, 0.0427314, 0.0427314, 0.032231, 0.0307172, 0.0128757, 0.0255865, 0.00664868, -0.00636849, 
-0.00975283, -0.000192702, 0.00772363, 0.0136559, 0.0136559, 0.0178791, 0.0215624, 0.00734385, -0.00511675, -0.000995649, -0.00667994, 
0.0158242, 0.0246837, 0.00666238, 0.0158398, 0.0119605, 0.0278578, 0.0257717, 0.0348914, 0.0366456, 0.00947864, 0.00123686, 
0.0248539, 0.015364, 0.0272266, 0.00943712, -0.00936832, -0.00933525, -0.0044608, 0.00817883, 0.00387506, -0.0108949, -0.00768149, 
-0.00293976, -0.017582, -0.0258014, -0.0085119, -0.0085119, -0.00183691, 0.0229039, 0.0226937, 0.00521287, -0.000676328, -0.00629613, 
-0.159007, -0.157359, -0.145716, -0.154188, -0.144406, -0.146211, -0.146211, -0.157127, -0.147698, -0.142544, -0.152392, 
0.124858, 0.120811, 0.121646, 0.13911, 0.118346, 0.118346, 0.127016, 0.135983, 0.139829, 0.129124, 0.135209, 
0.157139, 0.168038, 0.17305, 0.17305, 0.172739, 0.167423, 0.161594, 0.167767, 0.156481, 0.169658, 0.157862, 
-0.0656622, -0.0623504, -0.0577005, -0.05655, -0.0507778, -0.0294776, -0.0302119, -0.0356096, -0.0493536, -0.0519857, -0.0494318, 
-0.111424, -0.105239, -0.0956184, -0.0837336, -0.0840058, -0.0845968, -0.0765593, -0.0765593, -0.078024, -0.100198, -0.0951836, 
-0.0401815, -0.0302145, -0.0226902, -0.0262392, -0.0102962, -0.0102962, -0.0178575, -0.0177565, -0.0230177, -0.0291236, -0.028796, 
0.043616, 0.0468769, 0.0494472, 0.0468142, 0.0427761, 0.056857, 0.0661267, 0.0622931, 0.0671629, 0.0738916, 0.0771529, 
0.0219963, 0.0240086, 0.0197541, 0.0142864, 0.0113649, -0.00552786, -0.0191678, -0.0224485, 0.00366061, 0.00165138, -0.000520696, 
-0.0417667, -0.040719, -0.0441378, -0.0335881, -0.0434488, -0.0488866, -0.0661451, -0.0691911, -0.0640047, -0.0552401, -0.0657641, 
-0.00865884, -0.00568067, -0.00324366, -0.00492063, 0.00341243, -0.00143248, -0.0129956, -0.014658, -0.0089618, -0.0191367, -0.0250076, 
0.0336962, 0.0224002, 0.0194823, 0.0133359, 0.0133359, 0.00518595, 0.0178749, 0.018919, 0.018919, 0.0259444, 0.0241892, 
0.0496591, 0.0507418, 0.0473277, 0.0455865, 0.0468399, 0.0455746, 0.0430161, 0.0325125, 0.0208425, 0.0204638, 0.0226621, 
-0.0763416, -0.0951398, -0.0947845, -0.0781794, -0.0781794, -0.0672313, -0.0646196, -0.0619669, -0.0683769, -0.0817164, -0.0742296, 
-0.00948125, -0.014798, -0.0325079, -0.0497815, -0.0440391, -0.0505034, -0.0643462, -0.0542771, -0.0564329, -0.0576377, -0.0636492, 
0.00292314, 0.00292314, -0.0152367, -0.0324159, -0.0324159, -0.0427174, -0.0412014, -0.0485291, -0.0481737, -0.0377352, -0.040544, 
0.00572386, 0.00477002, 0.0138694, 0.014744, 0.0207234, 0.0238134, 0.00569342, 0.00810712, 0.0269428, 0.0257051, 0.0308032, 
0.0584511, 0.0516651, 0.0451008, 0.0451008, 0.0536955, 0.0537187, 0.0537187, 0.0562637, 0.0562637, 0.0455325, 0.0371829, 
-0.144845, -0.148886, -0.148886, -0.129904, -0.136509, -0.136509, -0.130576, -0.130576, -0.118648, -0.115142, -0.129529, 
-0.00764965, -0.00510323, -0.0105038, -0.025541, -0.0201167, -0.0190868, -0.0278906, -0.0152718, -0.0296622, -0.0357119, -0.0343924, 
-0.0434407, -0.0419936, -0.0240733, -0.0263859, -0.0320767, -0.0226432, -0.00472996, 0.00726459, 0.0221772, 0.0187717, 0.00500131, 
-0.0461418, -0.0629059, -0.0629059, -0.0587579, -0.0609892, -0.0447831, -0.0457938, -0.0373261, -0.0351551, -0.0195762, -0.0187385, 
0.0992812, 0.0997374, 0.107097, 0.107279, 0.0983419, 0.0914203, 0.0857804, 0.0857804, 0.0764387, 0.058035, 0.0558075, 
0.051854, 0.0404928, 0.0362988, 0.0342754, 0.0414042, 0.041879, 0.0562353, 0.0670223, 0.0707328, 0.0584454, 0.0611554, 
-0.0401602, -0.0263166, -0.0220956, -0.0198205, -0.028432, -0.0481313, -0.0519631, -0.0505972, -0.0476363, -0.064276, -0.0736873, 
-0.0287193, -0.0105564, -0.000346148, 0.0173263, 0.0173263, 0.0266264, 0.0261724, 0.0154373, 0.0122991, 0.012245, 0.0163163, 

Realization : P0, Nb components : 1
0.50996, 0.51589, 0.520086, 0.523777, 0.523846, 0.519465, 0.519465, 0.519465, 0.510276, 0.519235, 0.51326, 

Realization : S#0, Nb components : 100
0, -0.0122135, -0.00720896, 0.0136164, 0.017074, 0.0210652, 0.0255257, 0.0283367, 0.0354286, 0.0479233, 0.0489369, 
0, 0, 0.000560797, -0.00358707, -0.00449469, -0.0108494, -0.0260471, -0.0185378, -0.0127871, -0.00624828, 0.00681309, 
0, 0.000582397, 0.00229856, 0.00650145, 0.0109217, 0.033865, 0.06174, 0.0550804, 0.0516867, 0.051121, 0.0382151, 
0, 0, 0.0164078, -0.00415029, -0.00713995, -0.0106411, -0.00924534, -0.00924534, -0.0157091, -0.029817, -0.0353674, 
0, 0.0167986, 0.0117999, 0.0176401, 0.0182112, 0.00338956, -0.00243045, -0.00248057, 0.00512684, 0.00418652, -0.0085701, 
0, -0.00537629, 0.0168712, 0.0231019, 0.0208152, 0.0336265, 0.0400551, 0.0580424, 0.059293, 0.0618711, 0.0626064, 
0, 0.00931713, 0.0229149, 0.0139204, 0.0223063, -0.00474596, -0.00223724, -0.017976, -0.0232079, -0.0168734, -0.027297, 
0, 0.00990556, 0.00841844, 0.0192574, 0.0351781, 0.0283727, 0.023934, 0.0115353, 0.0196393, 0.0286987, 0.0250143, 
0, -0.00155639, 0.00733354, -0.0117775, -0.0116305, 0.00190988, 0.00790517, 0.00177817, -0.00569442, -0.00742198, -0.0142527, 
0, -0.0122784, -0.00191403, 0.0124876, 0.0381122, 0.0183318, 0.01321, 0.032925, 0.0206414, 0.0307805, 0.0237554, 
0, 0.010411, 0.00708605, 0.00929407, 0.00456854, 0.0172917, 0.0104516, 0.0192877, 0.0282218, 0.0508019, 0.0648783, 
0, -0.00176123, 0.00348161, -0.00206469, 0.00735824, 0.0171142, 0.0114975, 0.0109094, 0.0158678, 0.0163178, 0.00934084, 
0, 0.0120087, 0.00308299, 0.000622117, 0.00302736, 0.0286938, 0.0349412, 0.026508, 0.036466, 0.0502761, 0.0529019, 
0, -0.0116392, -0.0158752, -0.0247354, -0.0321976, -0.0405344, -0.0507397, -0.0478199, -0.0466138, -0.040528, -0.0517424, 
0, -0.00237677, -0.0103565, -0.0186059, -0.0127619, -0.0151771, 0.000127136, -0.0107097, -0.0181519, 0.00100966, -0.00116932, 
0, 0.0041297, -0.0182932, -0.035255, -0.0408677, -0.0487665, -0.0385207, -0.0304733, -0.0278124, -0.0521205, -0.0619892, 
0, -0.0096804, -0.00133008, -0.00404947, 0.000870314, 0.014067, -0.00318268, -0.0258766, -0.02895, -0.0260626, -0.0179087, 
0, -0.00430502, -0.00394706, -0.00103868, -0.006373, 0.000366364, -0.00253002, -0.00175436, -0.0120682, -0.00501823, -0.0277427, 
0, 0.00215887, -0.00145387, -0.00863425, -0.0131932, 0.000430737, 0.0188681, 0.0311632, 0.0317418, 0.0545253, 0.0716842, 
0, -0.00405893, -0.0245229, -0.0229659, -0.0345309, -0.0211959, -0.0133739, -0.00378721, 0.00551854, -0.0129417, -0.0270462, 
0, 0.00706305, 0.00537334, 0.00744885, -0.00271944, -0.00294886, -0.0108339, 0.00259562, -0.0153153, -0.0118055, -0.0135877, 
0, -0.00363905, 0.00736613, 0.00200503, 0.00491065, 0.00231741, 0.00230894, -0.0104269, -0.0114798, -0.0164062, -0.0138656, 
0, -0.00167604, -0.00234752, -0.00910033, -0.0107785, -0.021557, 0.00846317, 0.00509717, -0.0113983, -0.0186664, -0.0126962, 
0, -0.00453477, 0.00156318, 0.00856159, 0.018409, 0.0152759, 0.00885478, 0.0145417, 0.00612483, 0.0210954, 0.036223, 
0, -0.0036145, 0.00695207, 0.010582, -0.00208909, -0.000160005, 0.0061839, -0.000768212, -0.00225419, 0.00489281, 0.0271123, 
0, -0.0226524, -0.0383654, -0.0476496, -0.0470009, -0.0510909, -0.0448239, -0.0475889, -0.0547036, -0.0538542, -0.0576816, 
0, 0.0147906, 0.0236624, 0.0324185, 0.0255987, 0.0249594, 0.0121192, 0.0123032, 0.00457081, -0.000860361, 0.0137159, 
0, 0.00854224, 0.00384244, 0.0197513, 0.0130067, 0.0100481, 0.0216725, 0.0248151, 0.0345221, 0.0286193, 0.0247269, 
0, -0.0111352, -0.00127993, 0.00262153, -0.00476431, 0.00537509, -0.0323123, -0.0427221, -0.0476593, -0.0500009, -0.0800048, 
0, 0.00588649, -0.00192019, 0.00220547, 0.00738959, 0.0029493, -0.00543288, -0.0257333, -0.0222216, -0.0180499, -0.024127, 
0, -0.00970977, 0.00296269, 0.00280418, -0.00534418, -0.00802485, -0.0147135, -0.0013968, -0.0196599, -0.0324554, -0.0454684, 
0, -0.0183863, -0.0246459, -0.0398691, -0.0332194, -0.0388251, -0.0374334, -0.0375956, -0.0545418, -0.0401447, -0.0224172, 
0, 0.0111899, 0.0177519, 0.0177519, 0.00496393, -0.00728173, 0.00148956, -0.00697338, -0.0144216, -0.0300635, -0.0269064, 
0, 0.0078285, 0.0130747, 0.00835382, 0.00866408, 0.0050635, -0.00337433, 0.0039764, 0.0128469, 0.0221169, 0.0215852, 
0, 0.00105556, 0.000101629, 0.00362645, -0.0156211, -0.0036462, -0.020047, -0.0125072, 0.00322315, 0.0281729, 0.0329413, 
0, -0.0111207, -0.0259763, -0.0350514, -0.035772, -0.0363713, -0.0269207, -0.0295963, -0.0251637, -0.0241058, -0.0351024, 
0, 0.00564775, 0.00498709, 0.0171379, 0.01424, 0.00720786, 0.00133588, 0.00175712, -0.0123301, -0.0275273, -0.03615, 
0, -0.00698911, -0.00519018, -0.00498951, -0.00815333, -0.00986825, -0.00870379, -0.00223952, -0.013617, -0.0168278, -0.039081, 
0, 0.0033995, 0.0179448, 0.0375062, 0.0370823, 0.028472, 0.0378772, 0.0378772, 0.034628, 0.0460349, 0.030991, 
0, -0.0186235, 0.00465756, 0.00597094, -0.00348069, 0.00711725, 0.0109851, 0.0238567, 0.0169148, 0.0146668, 0.0318595, 
0, 0.000867054, -0.0106703, -0.0204768, -0.0342563, -0.0172125, -0.0338425, -0.0321833, -0.0259662, -0.0376678, -0.0376678, 
0, 0.00251467, -0.0157055, -0.00847515, 0.0036394, -0.00398267, -0.00830493, -0.0121448, -0.00496766, 0.0208567, 0.0261001, 
0, 0.006605, -0.00306139, 0.00683886, 0.0208542, 0.0154507, 0.000923607, 0.000923607, 0.0184998, 0.0114828, 0.0137398, 
0, -0.0172167, -0.017595, -0.0172356, -0.0150611, -0.0252091, -0.0242412, -0.0351721, -0.032874, -0.0404018, -0.0507716, 
0, -0.00862012, 0.00681078, 0.0243666, 0.0210843, 0.0114272, 0.0114272, -0.000943644, 0.00466826, -0.0083764, -0.00084128, 
0, 0.00828664, 0.0187717, 0.00486203, 0.0130861, 0.0211894, 0.0180256, 0.0111025, 0.0155991, 0.0242837, 0.0289271, 
0, 0.00431737, 0.0210415, 0.0243996, 0.0198005, 0.0198085, 0.0166981, 0.000104334, 0.0145653, 0.0130279, 0.0151997, 
0, 0.00262784, 0.0158311, 0.0134052, 0.0041581, -0.00593634, -0.00672359, -0.0121455, -0.00806554, -0.0163634, -0.0141438, 
0, -0.00408571, -0.016755, -0.0199774, -0.00741727, -0.0106613, -0.0257727, -0.0302032, -0.0152871, -0.0123102, -0.00146, 
0, -0.0134785, -0.0132055, -0.0246814, -0.0102424, -0.0184036, -0.00948008, -0.0106043, -0.00951691, -0.0134769, -0.0126785, 
0, -0.00478798, -0.00627494, -0.0098117, -0.00819329, -0.0164451, -0.00562749, 0.0118084, 0.0172778, 0.0349111, 0.0475651, 
0, -0.0038854, -0.00602253, 0.0166374, 0.0166011, 0.0274436, 0.0373566, 0.0488302, 0.0549736, 0.0381891, 0.032765, 
0, -0.00130145, 0.0127632, 0.00739135, 0.0138348, 0.0228216, 0.0151647, 0.0163065, 0.0218077, 0.0266607, 0.0211991, 
0, -0.00873661, -0.0176395, -0.0253434, -0.00349477, -0.000772735, 0.00682614, 0.010076, -0.0110204, -0.0146183, -0.0204151, 
0, -0.00345777, 0.00548983, 0.00979226, 0.0141734, 0.0167174, 0.0258624, 0.0305225, 0.0503757, 0.0563462, 0.0647435, 
0, 0.00776094, 0.0125625, 0.014482, 0.0157507, 0.0125137, 0.00285757, 0.000105203, 0.00800258, 0.0149736, 0.0256064, 
0, 0.000502519, 0.0133426, 0.026914, 0.00382484, 0.00589437, 0.0129934, -0.000111893, 0.0103722, 0.00831024, -0.00471457, 
0, 0.0182243, 0.0150039, 0.00213681, -0.0080926, -0.0246696, -0.0216781, -0.0329234, -0.0296348, -0.0316709, -0.0388973, 
0, 0.021831, 0.0122509, 0.0198509, 0.0294125, 0.0228605, 0.0194693, 0.0190507, 0.0157359, 0.0126445, 0.00555628, 
0, 0.0137067, 0.0209546, 0.017648, 0.0169188, 0.0111043, 0.0245957, 0.0298381, 0.0302584, 0.0258072, 0.017222, 
0, -0.0021774, -0.00641072, -0.00438136, 0.00709355, 0.00624951, -0.00123274, -0.0111338, -0.00314248, -0.00526275, -0.0178898, 
0, 0.0207711, 0.0226462, 0.0209205, 0.0203788, 0.0111433, 0.0114182, -0.00295715, -0.00457093, 0.00646097, -0.00519094, 
0, -0.0055925, -0.0157454, -0.0207109, -0.0108992, -0.00562222, 0.0171649, 0.0343454, 0.0363903, 0.0472837, 0.0546369, 
0, 0.0123995, 0.0119132, 0.0136948, 0.0246152, 0.0426571, 0.0538293, 0.0502078, 0.0562428, 0.0634217, 0.0516325, 
0, 0.00771452, 0.0230737, 0.0285981, 0.0227505, 0.0234906, 0.0159078, 0.0150032, 0.0011898, -0.00310528, 0.00816572, 
0, -0.0120641, -0.0132956, -0.00869475, -0.0238868, -0.0218875, -0.0112463, -0.00615788, -0.00817173, -0.00859344, 0.00928241, 
0, -0.00783657, -0.0024268, 0.00672587, 0.006934, -0.0177167, -0.0192032, -0.00982658, -0.0108924, -0.00796994, -0.0174524, 
0, 0.00113471, 0.0090623, 0.0168928, 0.0176916, 0.00323728, 0.00119816, -0.00399835, -0.00446443, -0.0107985, -0.0224206, 
0, -0.000128078, -0.00575265, 0.00958919, 0.00253124, 0.0172812, 0.0163346, 0.00521143, -0.017803, -0.00432165, -0.00432165, 
0, -0.00725385, -0.00463363, -0.00154493, -0.000684731, 0.00734633, 0.026038, 0.00832878, 0.0156468, 0.0355491, 0.0388176, 
0, -0.00187797, 0.00534758, 0.00580127, 0.00703427, 0.00327266, 0.00850042, -0.00173796, 0.00256356, 0.00315247, 0.00807161, 
0, 0.00070957, -0.00869136, 0.00665687, 0.00754361, -0.0142535, -0.00830172, -0.00379948, -0.00683084, -0.00881426, -0.00881426, 
0, 0.00393739, -0.0034973, -0.00283804, 0.00339442, -0.00883727, -0.00228976, -0.0144658, -0.0022934, 0.0094874, -0.00272306, 
0, 0.0108755, -0.0105844, -0.00172109, 0.00363099, 0.00353661, -0.00610546, -0.0213513, -0.0213513, -0.0308672, -0.0205159, 
0, 0.00454445, 0.00707933, 0.00989158, 0.0155398, 0.0385584, 0.0457686, 0.0308503, 0.0123774, 0.0097436, 0.00643432, 
0, -0.00743799, -0.00242898, 0.00146462, 0.0045362, 0.0102328, 0.00608274, 0.00193046, -0.0123679, -0.00173384, 0.00645289, 
0, -0.00769558, -0.0185412, -0.0148945, -0.00744934, -0.00867147, -0.0295877, -0.0292531, -0.0360239, -0.014609, -0.0268473, 
0, -0.0118905, 0.000834928, 0.00382615, 0.000270532, 0.0025827, -0.00600682, -0.0166407, -0.0233437, -0.0275638, -0.0384256, 
0, -0.00476297, -0.0131749, -0.0122308, -0.0143225, -0.021357, -0.0175229, -0.0288219, -0.0260911, -0.035613, -0.0358295, 
0, 0.00610224, 0.00785508, 0.00520771, -0.000777031, -0.00915599, -0.00965763, -0.00224951, -0.00832963, -0.0216385, -0.00444673, 
0, 0.0107995, 0.00898917, 0.00613968, 0.0192738, 0.016965, 0.0231519, 0.01294, 0.0230225, 0.010208, 0.0151434, 
0, 0.00125108, 0.00522778, 0.00388875, 0.0017936, 0.00196082, 0.0107967, 0.00219464, 0.00881607, 0.0263661, 0.0277471, 
0, 0.010513, -0.00254667, -0.021074, -0.0164854, -0.0110577, -0.00607371, -0.00347623, 0.000707224, -0.00317741, -0.00107819, 
0, 0.0015653, 0.0129921, 0.00578175, 0.00580362, 0.00771984, 0.0196714, 0.0113709, 0.024421, 0.024421, 0.0116576, 
0, -0.00059324, -0.00103036, -0.0140731, -0.0190087, -0.0206205, -0.0366696, -0.0379402, -0.0298022, -0.0246385, -0.0416262, 
0, 0.00833607, 0.0257117, 0.0329058, 0.0330085, 0.0126825, 0.00992703, 0.0117947, 0.00455827, 0.0206581, 0.0302354, 
0, 0.00441935, -0.0142215, -0.0246008, -0.00602308, 0.00987289, 0.022172, 0.0161572, 0.0161677, 0.0155057, 0.00893553, 
0, -0.00613, 0.00194903, 0.00844462, -0.00150455, -0.00529567, 0.00296441, -0.00418308, 0.00542102, 0.00758475, -0.00577734, 
0, -0.00406336, -0.0205859, -0.00591749, 0.00207511, 0.00753424, 0.00671956, -0.00940468, -0.0371712, -0.0474581, -0.0556343, 
0, 0, 0.00117589, 0.00860185, 0.0142292, 0.0196846, 0.0116147, 0.0276961, 0.0235044, 0.0192214, 0.0398376, 
0, -0.00199806, -0.00585056, -0.014738, -0.0116241, -0.00733956, 0.0164283, 0.00261927, 0.00405772, -0.00210055, -0.0251323, 
0, 0.00691479, -0.000966399, -0.00581535, -0.00849574, -0.0152006, -0.0093293, -0.00686451, 0.00262022, -0.0156872, -0.0280566, 
0, -0.00869895, 0.00802833, 0.0147505, 0.028197, 0.0301786, -0.00332331, -0.0130224, -0.0122354, -0.0209921, -0.0140424, 
0, 0.00905789, 0.020674, 0.0306811, 0.0463105, 0.0377457, 0.0381687, 0.0255886, 0.02347, 0.0407065, 0.0467399, 
0, 0, 0.00134446, -0.00672969, -0.00786685, -0.0109397, -0.0114094, -0.00522799, 0.0172204, 0.0162097, 0.013077, 
0, -0.011399, -0.00665492, -0.00346269, -0.00525962, -0.0126011, -0.00610806, -0.0118158, -0.00217684, 0.00140588, 0.0101598, 
0, 0.00234723, 0.00530006, 0.00899196, -0.0060024, -0.0161516, -0.0362534, -0.0357656, -0.0455222, -0.0366505, -0.0259041, 
0, 0.0143831, 0.0146671, 0.00690777, 0.0129154, 0.0268469, 0.0316465, 0.0218257, 0.0162296, 0.020363, 0.0195085, 
0, -0.00201757, -0.00610826, -0.00640705, -0.00600196, -0.0191455, -0.0165814, -0.014244, -0.022036, -0.0315713, -0.0281207, 
0, 0.0271092, 0.0163739, 0.00121797, 0.00169313, -0.00202076, -0.00144307, -0.00868212, -0.00160144, 0.00718654, -0.00538208, 

Realization : S#1, Nb components : 100
0, -0.000751877, -0.00687384, -0.0123966, -0.0135792, -0.0196434, -0.0348828, -0.0445183, -0.0480591, -0.0463851, -0.055455, 
0, -0.00799728, -0.0255566, -0.0311026, -0.0327497, -0.0327497, -0.0339379, -0.0425083, -0.0379773, -0.0254681, -0.0402038, 
0, 0.0119845, -0.00217687, 0.00365037, -0.00543476, 0.000886242, 0.0236284, 0.0197538, 0.00925662, 0.0074036, -0.00385922, 
0, 0.00591274, 0.00532152, 0.0262857, 0.039528, 0.0453911, 0.0627833, 0.0569561, 0.06157, 0.0706314, 0.0785366, 
0, 0.00672527, 0.0106766, 0.0163738, 0.0021435, -0.00957959, -0.0152139, 0.000261097, -0.0019825, -0.00645798, 0.00238227, 
0, -0.0158282, -0.00930938, 0.00244926, -0.0057997, 0.00106298, -0.00455931, -0.0134918, -0.0319314, -0.0365127, -0.0469233, 
0, -0.0117663, -0.0188306, -0.0420966, -0.0401928, -0.03937, -0.056648, -0.060678, -0.0597473, -0.0698485, -0.0702608, 
0, 0.0171621, 0.019857, 0.0392303, 0.0605932, 0.0636409, 0.0533121, 0.0595834, 0.042438, 0.0381772, 0.0342714, 
0, 0.0105779, -0.00569003, 0.00410346, -0.000607508, 0.0135919, 0.0269821, 0.0251002, 0.0323785, 0.0315769, 0.0386355, 
0, -0.0139845, -0.00874088, -0.0334399, -0.034678, -0.0206495, -0.0066282, -0.011588, 0.00128326, 0.0184218, 0.0286235, 
0, -0.0135374, 0.0023453, -0.00301961, -0.00301961, -0.0068282, -0.0092315, -0.00972325, -0.011145, -0.00343323, -0.00254619, 
0, 0.00433556, -0.000175861, -0.00577094, -0.00618995, -0.0285311, -0.0218111, -0.00706442, -0.00171468, 0.00751427, 0.0179316, 
0, -0.00381826, -0.00718542, -0.00331697, 0.0049203, 0.00394133, -0.00466565, -0.00466565, 0.0085009, 0.00656765, -0.00516729, 
0, -0.00103389, 0.0046258, -0.00263862, -0.0132865, 0.00525096, -0.000679029, 0.0218438, 0.0130068, 0.0229909, 0.0229909, 
0, 0.00673057, 0.00636546, 0.0317403, 0.0169956, 0.00889542, -0.0053648, 0.00333739, -0.00380876, -0.0188554, -0.00165189, 
0, 0.00110446, 0.0135569, 0.0182697, 0.0274078, 0.0222555, 0.023946, 0.0248005, 0.00572111, -0.000505446, 0.00603536, 
0, 0.0098761, 0.0139648, 0.0179743, 0.0143359, 0.0189085, 0.030095, 0.0427329, 0.0382546, 0.0422717, 0.0374038, 
0, -0.0057188, -0.0101661, -0.00971175, -0.0069706, -0.0119131, -0.00599966, 0.00439124, 0.000231325, -0.00112102, 0.0189964, 
0, -0.00288242, -0.0101554, 0.00279251, 0.00834049, 0.0143034, 0.00785353, 0.0165499, 0.0108841, 0.017938, 0.0371789, 
0, 0.00981927, 0.00473773, 0.013885, 0.0142666, 0.0119225, 0.00297454, -0.0076048, -0.0381284, -0.0381284, -0.038191, 
0, -0.00788064, 0.0178415, 0.0178415, 0.0279076, 0.0127262, 0.0100777, 0.0134343, 0.0236856, 0.0204181, 0.0101761, 
0, 0.0178668, 0.0372569, 0.0416979, 0.0367104, 0.0234626, 0.014886, 0.0248676, 0.0334185, 0.0334185, 0.0454912, 
0, -0.00830334, -0.000911946, -0.00705412, -0.0116753, -0.0181652, -0.0168424, -0.0013829, -0.00507616, -0.0350404, -0.0342794, 
0, 0.0123064, 0.0143556, 0.0225362, 0.0176823, 0.0248537, 0.017058, 0.017058, 0.0177747, 0.00861041, 0.00806696, 
0, 0.0139248, 0.000731573, 0.000731573, 0.00507333, 0.00362577, 0.00246448, 0.0226146, 0.0294008, 0.026324, 0.0149165, 
0, 0.0119997, 0.00902505, 0.0117484, 0.0229312, 0.0228405, 0.0259622, 0.032265, 0.0244321, 0.0244429, 0.023174, 
0, -0.0124687, -0.0181671, -0.0170775, -0.0206789, -0.00469574, -0.00630585, 0.00242667, 0.00549403, 0.00989302, 0.0143043, 
0, 0.00138499, -0.0149622, -0.0258276, -0.0297762, -0.0193965, -0.0252082, -0.0447727, -0.0453354, -0.0472612, -0.0458182, 
0, 0.0232075, 0.0194509, 0.00978609, 0.0120948, 0.0210878, 0.0251294, 0.0324506, 0.0322617, 0.0322617, 0.0379138, 
0, 0.0105243, 0.00356582, 0.00512872, 0.00512872, 0.00973216, 0.0126566, 0.00887883, 0.00765155, 0.000616957, 0.0005918, 
0, 0.011048, 0.00577266, 0.0215155, 0.0075048, -0.00975733, -0.00999577, -0.0087439, -0.0241273, -0.0219383, -0.0274858, 
0, 0.0025208, 0.00478533, -0.00790543, -0.00047984, -0.0117897, -0.0072262, -0.00433919, -0.00975376, -0.0133987, -0.00658106, 
0, -0.00266984, 0.0131575, -0.000229557, 0.00844648, 0.0265961, 0.0265961, 0.0223106, 0.0315727, 0.0315727, 0.0113239, 
0, 0.00716805, 0.00603249, 0.00603249, 0.0100359, 0.0283726, 0.0228912, 0.0383385, 0.0293039, 0.0443518, 0.0486851, 
0, -0.0179731, -0.0147879, -0.0363138, -0.0422434, -0.043444, -0.0407525, -0.0446516, -0.0441722, -0.0262669, -0.0294522, 
0, -0.0157565, -0.00924503, 0.00279548, 0.0145509, 0.0145509, 0.00433995, -0.0145172, -0.0112701, -0.0114891, -0.0167277, 
0, -0.00315411, 0.00952089, 0.0124637, 0.0222074, 0.0313225, 0.0292936, 0.0227653, 0.0205332, 0.00757185, 0.0048837, 
0, -0.0108724, -0.0108724, 5.61019e-05, -0.0157152, -0.0179148, -0.0118973, -0.0180342, -0.0102675, -0.0084895, -0.00174534, 
0, 0.0116706, -0.0017681, -0.0017681, 0.00333274, 0.0215513, 0.0297369, 0.0218054, 0.00552206, -0.00052724, 0.0056929, 
0, 0.00912295, 0.00712804, 0.0109969, 0.020783, 0.0358033, 0.0439387, 0.042797, 0.0306009, 0.0303011, 0.0232257, 
0, -0.00940605, -0.0106821, -0.0116742, -0.0243007, -0.0495534, -0.042725, -0.0424127, -0.0469875, -0.035064, -0.0376573, 
0, 0.00946082, 0.01745, 0.0377147, 0.0288097, 0.0342395, 0.058473, 0.0623431, 0.0559675, 0.0666431, 0.0565785, 
0, 0.00453053, 0.00086553, -0.00646236, -0.0349408, -0.044442, -0.0364922, -0.0526437, -0.0609349, -0.0469247, -0.038491, 
0, 0.00809886, 0.00317828, -0.00856432, -0.00331392, 0.00128647, 0.0125097, 0.0175071, 0.00712982, 0.00779299, 0.0184573, 
0, 0.0139535, 0.0118507, 0.00318295, 0.00332426, 0.0168789, 0.023805, 0.0185279, 0.0177757, 0.0337313, 0.0404054, 
0, 0.00275173, -0.00469305, 0.00743257, 0.0164492, 0.0230434, 0.0234057, 0.0195817, 0.0119813, 0.00282043, 0.0112205, 
0, 0.000883064, 0.0036137, -0.00135754, 0.00559823, -0.00263225, 0.00232441, -0.0137842, -0.0242789, -0.0252917, -0.0206006, 
0, 0.0117043, 0.00726035, 0.0242866, 0.0242866, 0.0306521, 0.0317553, 0.0349917, 0.0361917, 0.0213087, -0.000565027, 
0, -0.00181711, -0.00181711, 0.00758536, -0.0134972, -0.0166355, -0.00301431, 0.0180737, 0.00113626, -0.00347384, 0.00439427, 
0, 0.00196056, 0.00267958, 0.00808845, -0.0106511, -0.0061057, 0.00160295, -0.00647074, 0.000703503, 0.0118865, 0.0147114, 
0, 0.0017015, 0.00966705, 0.0070594, 0.00402825, 0.00134649, 0.00561655, -0.00663481, -0.00893234, -0.0234067, -0.0192411, 
0, 0.0264492, 0.0175052, 0.0167297, 0.00868608, -0.00252281, 0.00128812, -0.002195, -0.00334947, -0.000531426, -0.0188942, 
0, 0.00541301, 0.0136226, 0.00566964, -0.000555096, 0.025478, 0.0168776, 0.0168776, 0.0241402, 0.013674, 0.013674, 
0, 0.00206515, -0.0183233, -0.0198103, -0.0389376, -0.0457221, -0.0385726, -0.0326314, -0.0348209, -0.0318529, -0.0258429, 
0, -0.000736461, -0.0155434, -0.0111628, -0.0204602, -0.0325104, -0.0329841, -0.0466918, -0.0534866, -0.0444363, -0.0317946, 
0, 0.00759114, 0.00417588, 0.00557925, 0.00878663, 0.00871576, 0.0038626, 0.00388982, -0.000260997, -0.00957312, -0.0298672, 
0, 0.0141786, 0.0211616, 0.00872445, -0.00145063, 0.00632418, -0.00506072, -0.010684, 0.00196661, 0.017526, 0.00567981, 
0, -0.00190983, -0.0158041, -0.0203742, -0.0361573, -0.0321634, -0.0346448, -0.05065, -0.0528194, -0.0480224, -0.0317891, 
0, 0.00918809, 0.0161738, 0.0128035, 0.0260096, 0.00830256, 0.0135683, 0.0274161, 0.0298574, 0.0329478, 0.0279153, 
0, 0.0173413, -0.00283669, 0.0150496, 0.0331994, 0.0249716, 0.033332, 0.0231795, 0.0184017, 0.00350722, 0.0029021, 
0, 0.00146611, 0.00265968, 0.0035356, -0.00146385, -0.00472047, -0.00507411, -0.0140566, -0.00309263, -0.0195274, -0.0230224, 
0, 0, 0, 0.00393927, 0.0137128, 0.0150359, 0.00833267, 0.0137933, 0.0313973, 0.0362623, 0.0206294, 
0, 0.00850172, 0.0018732, -0.00246179, 0.0116859, -0.00101905, 0.00713161, 0.0174017, 0.031135, 0.031614, 0.0399761, 
0, 0.00705252, -0.0114514, -0.00595021, -0.0044554, -0.00560813, -0.0171279, -0.0147296, -0.0112471, -0.0123924, -0.0123054, 
0, 0, 0.00513815, 0.0076374, 0.0162998, 0.0172244, 0.0264982, 0.0422966, 0.030179, 0.0448575, 0.0460975, 
0, -0.0147087, -0.0147087, -0.0110508, -0.0193546, -0.0195518, -0.0204124, -0.0327361, -0.0264879, -0.0286984, -0.026287, 
0, 0.0144378, 0.0292495, 0.0285313, 0.0302633, 0.0241587, 0.0366452, 0.0339399, 0.0161473, 0.0131053, 0.000111291, 
0, -0.00604418, -0.0234492, -0.0174388, -0.00576565, 0.00344892, -0.0213418, -0.0217182, -0.0373595, -0.0276914, -0.0373928, 
0, 0, 0.000314741, -0.0112871, -0.0179059, -0.0322595, -0.0312009, -0.0128577, -0.00634043, -0.00312865, -0.0145425, 
0, 0.0222311, 0.0348839, 0.0409266, 0.0363469, 0.0328196, 0.0264154, 0.0294842, 0.0243277, 0.0188848, 0.0250966, 
0, 0.00936383, -0.00783841, 0.00798758, 0.00649886, -0.00174854, -0.00209007, -0.0214752, -0.0286274, -0.0329224, -0.0351316, 
0, 0.0108631, 0.00919427, 0.0123779, 0.024159, 0.0375755, 0.0461032, 0.0491276, 0.0325532, 0.0453838, 0.0314684, 
0, -0.00894939, -0.0105819, -0.0100036, 0.00213815, 0.00341335, -0.00404346, -0.00321168, -0.0246862, -0.0200628, -0.008054, 
0, -0.000304075, -0.00856457, -0.0120098, -0.0281156, -0.0288531, -0.0310398, -0.0471394, -0.0480993, -0.0473717, -0.0552902, 
0, 0.00542218, -0.0104406, 0.00984054, -0.00547572, -0.000281907, -0.000580056, 0.00242975, 0.000868484, 0.00417244, 0.0108846, 
0, 0.00931211, -0.00373871, 0.00952664, 0.00100242, 0.017095, 0.0187659, 0.0111624, 0.0118053, 0.00109325, -0.00445585, 
0, 0.0169022, 0.00172257, -0.00836533, -0.00247605, -0.00804383, -0.00935545, -0.0106663, 0.00625381, 0.00358168, 0.0170319, 
0, -0.0107642, -0.00342513, -0.00231932, 0.00639675, -0.00390224, -0.00628731, -0.00419164, -0.0157264, -0.0196487, -0.00944045, 
0, 0.000511363, -0.0112665, -0.0255865, -0.0204983, -0.031472, -0.0390896, -0.058673, -0.0711371, -0.0581901, -0.0547921, 
0, 0.00441764, 0.0103116, 0.0223299, 0.00905604, 0.00105825, -0.00603284, 0.00363838, 0.00207229, -0.00935199, -0.0124886, 
0, -0.000770595, -0.00373583, -0.00370402, -0.00370402, -0.000716004, 0.00778103, 0.0145552, 0.0157404, 0.00261573, 0.0062449, 
0, -0.00024106, -0.00024106, 0.00664183, -0.00898091, -0.0124234, -0.00674918, -0.00674918, -0.011885, -0.0156801, -0.0149479, 
0, -0.00478029, 0.00223795, -0.00372384, -0.0161015, -0.0210285, -0.0117711, 0.0100696, 0.0106154, 0.0260027, 0.0388053, 
0, 0.00953279, 0.000369284, 0.0016486, -0.00610499, 0.0109709, 0.017416, 0.0213737, 0.0380536, 0.028283, 0.0331448, 
0, 0.00235604, 0.00368142, 0.00368142, -0.00948126, -0.00828942, 0.00937829, 0.018004, 0.0177322, 0.0329456, 0.0289415, 
0, -0.0080603, -0.00516404, -0.0128828, -0.0129973, -0.00718225, -0.00801057, -0.0164596, -0.00572679, -0.0139464, -0.0256386, 
0, -0.0144207, -0.0257959, -0.0294165, -0.0260538, -0.0289645, -0.0216245, -0.0222064, -0.0349659, -0.0250413, -0.0360867, 
0, -0.00533294, 0.00476849, 0.0196106, 0.0216447, 0.020498, 0.00857722, 0.0251088, 0.013734, 0.0182304, -0.00360897, 
0, 0.000444786, 0.0140163, 0.00872075, 0.00485449, 3.12418e-05, 0.0171707, 0.0149321, -0.00140354, 0.00751056, 0.00506089, 
0, -0.00444604, -0.00211889, 0.00599419, -0.00430144, -0.00143484, 0.00399412, -0.00201432, -0.000519323, 0.00151492, -0.00490593, 
0, -0.01101, -0.0173617, -0.00831526, -0.0101694, -0.00919383, -0.00882451, -0.0077713, -0.00858019, -0.0231756, -0.0231756, 
0, -0.00382877, 0.00581864, 0.00874002, 0.0121702, 0.0134668, 0.00581621, 0.00530986, -0.00859978, -0.0162032, -0.018862, 
0, 0.0144474, 0.0234101, 0.0384387, 0.0384387, 0.0469275, 0.0488111, 0.0408531, 0.03681, 0.042021, 0.0545717, 
0, 0, -0.0114803, -0.00411501, 0.00776601, -0.0084505, -0.0201488, -0.0309185, -0.016705, -0.0115651, -0.00250561, 
0, -0.00679298, 0.000763837, -0.00376669, -0.00196715, -0.00747733, -0.00933648, -0.00773802, -0.0041724, -0.00819683, -0.0105224, 
0, -0.015027, -0.0302945, -0.0314751, -0.0331917, -0.027722, -0.0402506, -0.0334709, -0.0202669, -0.0109831, -0.0112811, 
0, 0.0144454, 0.028389, 0.0174951, 0.038465, 0.0314014, 0.0307689, 0.0386873, 0.0439781, 0.0442877, 0.0418112, 
0, -0.0185612, -0.0115518, -0.0216927, -0.0293654, -0.0469572, -0.0225604, -0.0202034, -0.0301288, -0.0337924, -0.038049, 
0, 0.00564872, 0.00035256, -0.00340089, -0.00955501, -0.0173184, -0.0183746, -0.0182013, -0.0240444, -0.0368453, -0.0408667, 
0, 0, 0.00549095, 0.0201418, -0.00326708, -0.00752614, 0.0054032, -0.00745875, -0.0138624, -0.030448, -0.0230687, 

Realization : T0, Nb components : 1
69.9663, 69.9692, 69.9569, 69.9569, 69.9532, 69.9532, 69.9588, 69.9511, 69.9511, 69.9515, 69.9414, 

Realization : Tau, Nb components : 100
0.00707696, -0.0356554, -0.133452, -0.0527657, -0.141397, -0.200721, -0.200721, -0.157126, -0.108444, -0.0452247, -0.0964183, 
-0.0242152, -0.0242152, 0.0584295, -0.00903486, -0.00903486, 0.0686432, 0.0783872, 0.171431, 0.171431, 0.171431, 0.22283, 
-0.0814426, -0.0856341, -0.0996415, -0.0806349, -0.158449, -0.158449, -0.188246, -0.188246, -0.206903, -0.301584, -0.108571, 
0.09073, 0.143473, 0.0514284, 0.108559, 0.179787, 0.07875, 0.114246, 0.0941212, 0.0941212, 0.035357, 0.035357, 
-0.0158249, 0.0336089, -0.1328, -0.0943734, -0.00411664, -0.0227285, 0.0110001, 0.0110001, -0.0187446, 0.0467654, 0.0467654, 
-0.0402727, -0.0186169, 0.00816188, -0.00679156, 0.0111578, 0.104747, 0.0759088, 0.0759088, -0.0578669, 0.046759, 0.153582, 
0.112963, 0.112963, 0.143298, 0.0721775, 0.104404, 0.104404, -0.035471, -0.121229, -0.0244074, -0.0244074, -0.0419217, 
0.0188398, -0.118509, -0.118509, -0.149965, -0.149965, -0.0592507, -0.0228624, -0.0194089, -0.0194089, -0.00431813, 0.110882, 
0.0825356, 0.0045838, 0.0045838, 0.0637153, 0.0626683, 0.0534072, 0.0534072, 0.0534072, -0.128352, -0.0396061, 0.0655229, 
-0.0812242, -0.17965, -0.138918, -0.285159, -0.19845, -0.19845, -0.234028, -0.237478, -0.237478, -0.0815077, -0.0815077, 
0.0429165, -0.126451, -0.126451, -0.146079, -0.03068, -0.0266947, -0.0949182, -0.148164, -0.148164, -0.134529, -0.134529, 
0.00915303, 0.0862332, 0.069165, 0.10501, -0.0485436, -0.0917382, -0.145839, -0.147736, -0.115422, -0.0982226, -0.135748, 
0.0582279, -0.154891, -0.141812, -0.141812, -0.106247, -0.106247, -0.106247, -0.198538, -0.198538, -0.220349, -0.372028, 
0.0123663, 0.00318244, -0.0112812, -0.0324472, -0.0327224, 0.0706589, 5.57402e-05, 0.21369, 0.290519, 0.362524, 0.371299, 
-0.0314709, -0.0314709, 0.0488699, 0.0168112, 0.120411, 0.0352689, 0.0182326, 0.0182326, -0.0389187, -0.200824, -0.241649, 
0.055542, 0.12182, 0.12182, 0.12182, 0.132786, 0.0209488, 0.0135375, 0.0135375, 0.0135375, 0.0135375, 0.0135375, 
-0.00191204, -0.0841275, -0.101548, -0.208288, -0.170758, -0.127984, 0.076192, 0.0542589, -0.0397548, -0.165727, -0.165727, 
-0.14353, -0.14353, -0.0895682, -0.13796, -0.0616007, -0.120882, 0.1734, 0.257935, 0.148108, 0.132687, 0.14241, 
-0.0504609, -0.0892606, -0.0892606, -0.0461626, -0.199087, -0.0454257, 0.145598, 0.145598, 0.142806, 0.0587974, -0.0884569, 
0.0200853, 0.172981, 0.172981, 0.172981, 0.19669, 0.0824722, 0.0750005, -0.0219497, -0.0351789, 0.0308617, -0.0257064, 
-0.0640087, 0.113186, 0.113186, 0.00607477, 0.0574221, 0.0799803, -0.0493389, -0.106586, -0.0212438, -0.0610343, 0.108556, 
0.0180531, -0.0161328, -0.0865467, -0.130124, -0.165049, -0.165049, 0.0184064, -0.0648104, -0.038383, -0.038383, 0.134569, 
0.132774, 0.16759, 0.16759, 0.123797, 0.104419, 0.0205519, -0.0344665, 0.0256463, 0.141271, 0.0151477, 0.00458775, 
0.0396054, -0.0380473, -0.0451102, -0.0634833, -0.126302, -0.150632, -0.0302379, -0.0468826, -0.0936339, -0.206032, -0.168548, 
0.00468183, 0.0726925, 0.0726925, 0.126707, 0.0973894, 0.0333509, 0.0333509, 0.108363, 0.139377, 0.139377, 0.213071, 
-0.0176871, -0.109332, -0.188844, -0.188844, -0.188844, -0.120498, -0.0518803, -0.177197, -0.103832, -0.0404858, 0.0701124, 
0.0772996, -0.0225972, -0.00176267, 0.0195886, 0.0787201, 0.0787201, 0.0254239, 0.0254239, 0.0254239, 0.0254239, 0.01661, 
0.038322, 0.039079, -0.00178165, -0.00178165, -0.0101823, -0.0176323, -0.0812418, -0.0812418, -0.0463595, -0.0382065, -0.0943984, 
-0.0514889, 0.000359338, -0.0228551, -0.0654763, 0.00952119, -0.144556, -0.112698, 0.0827622, 0.0827622, 0.0534276, -0.0831723, 
-0.0110194, -0.0197905, -0.037399, -0.0199165, 0.0407367, 0.0407367, 0.0265377, 0.0265377, 0.104666, 0.164522, 0.164522, 
0.0201114, -0.143541, -0.0849874, -0.0288147, -0.039582, -0.0753484, -0.0753484, -0.0753484, -0.0332574, 0.00269337, -0.0707873, 
-0.0515643, -0.0515643, -0.0144814, -0.0144814, -0.172146, -0.172582, -0.172582, -0.172582, -0.172582, -0.100426, -0.100426, 
-0.0351672, -0.0351672, 0.0621549, 0.0169553, -0.0131952, -0.0105316, -0.0105316, 0.0170347, -0.0593236, -0.0848348, -0.101301, 
-0.0488297, -0.114823, -0.114823, 0.13186, -0.150341, -0.145333, -0.16228, -0.146579, -0.145242, -0.153149, -0.153149, 
0.0271307, 0.18114, 0.18114, 0.198831, 0.198831, 0.198831, 0.198831, 0.198831, 0.195233, 0.296606, 0.267255, 
0.00946378, 0.0593486, 0.0514685, 0.0775083, 0.092177, 0.158929, 0.158929, 0.118387, 0.118387, 0.0882954, 0.0619708, 
-0.0469373, -0.0319956, -0.144847, -0.0530369, -0.00409691, -0.00409691, -0.0596119, -0.091702, -0.189893, -0.0888285, -0.0460322, 
-0.0510358, -0.125434, -0.125434, -0.125434, 0.0166869, 0.0166869, 0.0166869, 0.0344573, 0.252778, 0.343031, 0.424114, 
0.00241998, 0.0641601, -0.000868478, -0.000868478, -0.0874347, 0.0279614, 0.0063608, 0.113196, 0.056362, -0.0636446, -0.0567007, 
-0.113281, -0.177699, -0.00112741, 0.0147778, -0.059072, -0.0113062, -0.0142802, -0.0142802, -0.209719, -0.209719, -0.209719, 
0.0598198, -0.0137699, -0.0137699, -0.140599, -0.0564032, -0.0252285, -0.0200543, 0.0258043, 0.0414698, -0.17161, -0.248665, 
0.146021, 0.0130789, -0.101495, -0.0779864, -0.0444018, -0.15232, 0.0204666, 0.0746959, 0.021241, -0.15105, -0.15105, 
-0.0250228, 0.00965177, 0.0731838, 0.0731838, -0.113862, -0.196171, -0.0975662, -0.0527293, -0.117451, -0.117451, -0.322461, 
-0.02739, -0.0263137, -0.146097, -0.113603, -0.0267389, 0.0391388, 0.0134184, 0.234561, 0.234561, 0.21788, 0.21788, 
0.0942541, 0.174291, 0.0540699, 0.0540699, 0.145663, 0.145663, -0.142948, -0.104095, -0.0231284, -0.0228793, -0.10848, 
-0.100137, -0.0936829, -0.102849, -0.122021, -0.0769152, -0.0769152, -0.0769152, -0.107876, -0.0833951, -0.157054, -0.240518, 
0.0117255, 0.0267183, -0.0683454, -0.0330401, 0.152613, 0.152613, -0.0592599, 0.0144914, 0.057026, 0.0843538, 0.0843538, 
0.0215588, -0.00244279, 0.0193609, -0.0731232, -0.0677166, -0.0554089, -0.114421, -0.169163, -0.00165376, -0.0467885, -0.00739003, 
0.00718494, -0.0225319, -0.0225319, -0.0926545, -0.0926545, -0.0168873, -0.192166, -0.310357, -0.310357, -0.310357, -0.196186, 
-0.0682061, -0.0551385, -0.0363953, 0.120487, -0.0912073, -0.0912073, -0.0912073, -0.0912073, -0.117077, -0.0991429, -0.0614366, 
0.0411167, 0.136371, 0.119771, 0.0867578, 0.126283, 0.19136, 0.114699, 0.114699, 0.0306668, 0.0338261, 0.0411737, 
-0.0252343, -0.126626, -0.126626, -0.00553682, -0.00821855, 0.0192141, 0.0420446, 0.0420446, 0.182285, 0.182285, 0.218497, 
0.0327774, 0.0139238, 0.0139238, -0.0108606, 0.0111308, 0.0111308, -0.0272763, -0.091818, -0.0283873, -0.0673058, -0.0658774, 
-0.0244146, 0.0477741, -0.0286263, -0.0287116, -0.0287116, -0.0287116, -0.0121405, -0.0629824, 0.0080238, -0.08272, -0.134054, 
0.137876, 0.152881, 0.0829084, 0.163615, -0.0827452, 0.0141433, -0.084724, -0.161844, -0.147255, -0.147255, -0.183148, 
-0.0135023, 0.000284906, 0.117453, 0.151109, 0.150631, 0.0877342, 0.100687, 0.0400243, 0.066975, 0.0783179, 0.013442, 
-0.0276463, 0.0280857, -0.00292233, -0.00292233, -0.00292233, -0.06301, 0.10762, 0.0941346, 0.0028095, 0.0426475, 0.101392, 
0.0264778, -0.0031071, 0.096162, -0.0857466, -0.0603439, -0.188842, -0.174807, -0.139839, -0.139839, -0.121601, -0.0604787, 
-0.0689188, 0.0013622, -0.0391999, -0.0682525, -0.101167, -0.0911489, -0.292279, -0.120914, -0.143671, -0.0681666, -0.0681666, 
0.0506563, 0.0727668, -0.0210276, -0.0210276, 0.14209, 0.14209, 0.14209, 0.048866, 0.0565626, 0.183529, 0.00419697, 
-0.0999654, -0.136543, -0.136543, -0.136543, -0.138779, -0.0805855, -0.0554385, -0.0554385, 0.0739171, 0.114613, 0.272035, 
0.00615403, -0.0908876, -0.0683173, -0.0683173, -0.0769318, 0.124495, 0.129216, 0.0153645, 0.0750547, 0.0350484, 0.181328, 
-0.036987, -0.199938, -0.130982, -0.112686, -0.112686, -0.129699, -0.129699, -0.0257268, -0.0599942, -0.00283339, 0.10003, 
-0.0397491, -0.0549657, 0.00901963, -0.0595313, -0.100509, -0.129328, -0.169599, -0.169599, -0.212032, -0.145992, -0.145992, 
-0.0505906, -0.0107876, -0.0107876, -0.0107876, -0.0122781, -0.0805157, -0.0484994, -0.0469784, -0.0469784, 0.00564169, 0.00315725, 
-0.00557713, -0.0685418, -0.142599, -0.142599, -0.142599, -0.142599, -0.252137, -0.25674, -0.179658, -0.199551, -0.199551, 
0.0527711, 0.0716392, -0.0379093, -0.0379093, -0.0416104, -0.212945, -0.123158, -0.0779897, -0.0779897, -0.102844, -0.126092, 
-0.077203, -0.077203, -0.077203, -0.0987026, -0.123613, -0.123613, -0.122289, -0.0430738, -0.031194, -0.031194, -0.0115868, 
-0.05363, -0.0853173, -0.0158277, -0.0321815, -0.0321815, -0.0321815, -0.0321815, -0.0991348, -0.0942765, -0.0317705, -0.0353446, 
0.007184, 0.0902309, 0.18667, 0.18667, 0.233266, 0.108675, 0.0985776, 0.0985776, 0.193409, 0.269199, 0.222351, 
0.0948264, 0.14621, 0.0745761, 0.0752605, 0.0788634, 0.0815227, 0.138515, 0.130003, 0.038862, -0.0182512, -0.111492, 
0.0723302, 0.0656422, -0.00967401, 0.176731, 0.191115, 0.230598, 0.230598, 0.136959, 0.148392, 0.148392, -0.00255357, 
0.00158055, -0.0788491, -0.0901001, 0.0275242, 0.00248444, -0.0583013, -0.0505624, 0.0910359, 0.0910359, -0.038866, -0.0462552, 
-0.00678768, -0.0280485, -0.147198, -0.0746486, -0.0746486, -0.018945, 0.175328, 0.237613, 0.11875, 0.11875, 0.0576453, 
0.0818482, 0.0367609, 0.0367609, 0.133519, 0.133519, 0.0481667, -0.0294157, 0.0583916, 0.133103, 0.106827, 0.10147, 
0.0234953, 0.0789832, 0.0933232, -0.118163, -0.115367, -0.0643625, -0.0643625, -0.0925206, -0.0891689, -0.00703333, -0.126688, 
-0.0407677, 0.0331965, 0.0331965, -0.137181, -0.137181, -0.0718976, -0.12725, -0.12725, -0.0262491, 0.0368143, -0.0890488, 
-0.0728467, 0.0676054, 0.119493, 0.0640604, -0.0077224, -0.0077224, 0.0429356, -0.00371136, -0.0158604, 0.000745616, 0.00486006, 
0.00265391, -0.0589379, -0.131254, -0.175265, -0.126699, -0.0299844, -0.0626737, -0.118889, -0.172338, -0.228126, -0.140899, 
0.0621389, -0.110291, -0.176829, 0.0308215, 0.0782096, -0.0167496, -0.0167496, -0.0178257, 0.123026, 0.161896, 0.147137, 
0.0937117, -0.0581864, -0.0287675, -0.201351, -0.185127, -0.132185, -0.104813, -0.218116, -0.175228, -0.116603, -0.232684, 
-0.0644172, -0.0304597, 0.00472635, -0.0221406, -0.039123, -0.0146347, -0.111201, -0.214667, -0.216845, -0.136683, -0.136683, 
-0.0562268, 0.102763, 0.0545195, 0.0109494, -0.0132633, 0.0791475, 0.0791475, 0.0791475, 0.141074, 0.11366, 0.08075, 
0.0312383, 0.0638172, 0.0638172, 0.187349, 0.152833, 0.122323, 0.188982, 0.165976, 0.165976, 0.08203, 0.0723756, 
-0.0371099, -0.0334287, -0.0605576, -0.0523869, -0.181724, -0.143679, -0.143679, -0.143679, -0.143679, -0.113361, -0.162839, 
0.0531503, 0.233657, 0.166077, 0.166077, 0.0877377, 0.0877377, 0.0877377, 0.0877377, -0.202585, -0.116888, -0.116888, 
0.0218052, -0.00483333, -0.0361079, 0.0381161, 0.0664292, 0.0174591, -0.0278172, -0.0382385, -0.039535, 0.0412565, -0.0118595, 
0.0474946, -0.0509149, -0.0509149, -0.0279973, -0.0279973, 0.102235, 0.0187048, 0.021565, 0.021565, 0.0538355, 0.255695, 
0.0443626, 0.084877, 0.0583393, -0.127284, -0.127284, -0.203436, -0.226821, -0.183842, -0.241098, -0.254438, -0.166016, 
-0.00372151, -0.102906, -0.273176, -0.235721, -0.229784, -0.230115, -0.230115, -0.235307, -0.235307, -0.235307, -0.237708, 
0.00803371, -0.113302, -0.154234, -0.125221, -0.292811, -0.279655, -0.147418, -0.179334, -0.111429, -0.041625, -0.102919, 
-0.0624786, 0.0769644, 0.0769644, 0.0446168, 0.00872187, 0.00718741, 0.00718741, 0.219802, 0.078431, 0.117515, -0.0547296, 
0.00291002, -0.0650925, -0.0650925, 0.0272223, -0.00315242, -0.00315242, 0.00780032, -0.024742, -0.024742, -0.024742, -0.0917244, 
-0.0248332, -0.0230895, -0.00124338, -0.0422623, -0.0422623, -0.199708, -0.199708, -0.0674848, -0.111378, -0.1235, -0.175445, 
-0.0471018, 0.0720627, 0.139948, 0.12873, 0.086762, 0.0380171, 0.108866, 0.0526998, 0.124756, 0.198473, 0.176765, 
0.00481823, 0.0819968, 0.0920967, 0.130284, 0.130284, 0.0772657, 0.0646288, -0.0161435, 0.0250917, -0.0382511, 0.0126078, 
0.00220657, 0.0643768, 0.0643768, -0.0220741, -0.0595135, -0.136895, -0.136895, -0.132525, -0.169307, -0.275277, -0.275277, 
0.0561475, 0.205748, 0.12436, 0.12436, 0.157853, 0.0862831, 0.064829, 0.064829, 0.122979, -0.0553956, -0.122564, 
0.0331841, 0.0493453, -0.0848895, -0.0848895, -0.0848895, -0.15251, -0.210026, -0.14549, -0.14549, -0.184172, -0.184172, 
-0.00224869, 0.122663, 0.122663, 0.153407, 0.194783, 0.122607, 0.0211203, 0.0710182, 0.130659, 0.128001, 0.232882, 

Realization : V0, Nb components : 1
-0.0130621, -0.0198929, -0.0169103, -0.0140726, -0.021285, -0.0332441, -0.0347782, -0.0332711, -0.0291708, -0.0260899, -0.0294457, 
