0.00041377 0.00198586 0.00689414 0.228551
0.00248824 0.0241175 0.798227 0.921953 0.951013 0.98037
0.0118 0.0143931 0.057987 0.161809 0.45098 0.512824
0.0159795 0.0327036 0.125567 0.703
0.003653 0.03632 0.147111 0.203828 0.260954
0.0529572 0.102425 0.266838 0.306697 0.385915 0.557356 0.862582
0.034875 0.0517654 0.202578 0.415476
0.0029044 0.00549813 0.118487 0.640509 0.933405 0.99685
0.127356 0.283485 0.517056 0.521227 0.95132
0.00659468 0.00951712 0.0153748 0.0885667 0.343507
0.024903 0.146378 0.536507 0.995622
0.0874 0.538596 0.908266 0.984809 0.992854 0.99651
0.0477703 0.0764063 0.0792997 0.0873437 0.260376 0.817436
0.0014293 0.0017605 0.0663846 0.546762 0.917594
0.0541433 0.227622 0.303722 0.740286 0.912981 0.99694
0.0948736 0.10035 0.245298 0.298281 0.432062 0.832506 0.955419
-0.000885802 0.806905 0.996693 0.996801 1.00027
0.0334006 0.0700458 0.26874 0.584654 0.776563 0.949788
0.018754 0.0382354 0.125084 0.251334 0.467937
-0.000161973 0.159267 0.402311 0.840257
-2.61718e-05 0.0373597 0.161123 0.5233 0.564645 0.976049 0.992981
0.000174972 0.00740364 0.989515 0.992606
-0.000288457 0.00317987 0.00711326 0.00834842 0.0209847 0.0451139 0.651017
0.00636585 0.0588368 0.178523 0.634482
0.0237354 0.0691441 0.169868 0.220526 0.229547 0.576642 0.99633
0.0148733 0.0187411 0.0501357 0.0964991 0.126264 0.131757 0.708012
8.72769e-05 0.00330313 0.0893412 0.97622 1.00083
0.00117917 0.00164335 0.00250169 0.0559135 0.203383 0.28724 0.578258
0.0926973 0.146033 0.145088 0.509973 0.927743 0.966497
-0.000265261 0.328916 0.528743 0.932037 0.999228
0.0335243 0.135247 0.137835 0.286135 0.363859 0.702931 0.791447
0.00599568 0.0276293 0.0909715 0.194073 0.40393 0.952158
0.0138651 0.165541 0.372394 0.820905 0.880623 0.929515 0.990238
-0.000576903 0.0318314 0.14907 0.337034
0.0190133 0.0380836 0.0571606 0.0642996 0.262967
0.00156965 0.0554301 0.655492 0.94872 0.984348 0.993308 1.00024
-0.000217661 0.164317 0.216771 0.219174 0.315212 0.996379
-0.000923827 0.0362658 0.75816 0.821872
0.064522 0.0969561 0.158348 0.572697 0.735556 0.965383 0.996779
0.00140981 0.00491503 0.440406 0.980158
0.196097 0.287463 0.360211 0.486698 0.495774 0.503304
0.0044035 0.0105219 0.0794512 0.0819339 0.0932951 0.144724 0.879368
0.00590493 0.0127611 0.141627 0.61838 0.945855
0.0564826 0.14644 0.277883 0.307228
0.000901271 0.0159867 0.0163729 0.103954 0.20885 0.342746 0.889472
0.0248978 0.149123 0.246912 0.343238 0.808177
0.238581 0.338618 0.355666 0.533185 0.554865 0.644609 0.814448
0.0140099 0.0118737 0.26084 0.355937 0.868568
0.117728 0.146776 0.180547 0.349599 0.408588 0.656678 0.803235
0.0853301 0.0978902 0.212822 0.258096 0.697871
6.44225e-05 0.00429403 0.0661541 0.134525 0.505726 0.556347 0.946879
0.170957 0.181385 0.290694 0.971343 0.972226
0.000443232 0.0156441 0.0365684 0.256872 0.28064
0.292265 0.656544 0.994603 0.999215 0.999925 1.00078
0.0919577 0.559616 0.606863 0.777089 0.844912
0.00690027 0.0133488 0.0126525 0.0214766 0.113052 0.255658 0.435035
0.120948 0.507432 0.527841 0.701236 0.89606
-0.00227432 0.0226825 0.419027 0.423821 0.485209 0.932531 0.961924
0.0557363 0.111171 0.165873 0.489428 0.573167 0.981391
-0.00056149 0.00286297 0.0666216 0.183259 0.335138 0.590746 0.881673
0.000282606 4.92679e-05 -0.000744634 0.614615
0.000232374 0.0269929 0.267646 0.27043 0.374519 0.663578 0.886414
0.00111483 0.0048923 0.3641 0.388103
0.0827775 0.554032 0.840461 0.99795
0.0011623 -0.000815432 0.00475455 0.143653 0.151526 0.562897 0.655037
0.220544 0.274531 0.764361 0.914264
0.0023981 0.00224415 0.00673008 0.0308208 0.989426 0.99628
0.00379697 0.226024 0.275822 0.974278 0.988961
0.0157302 0.0495084 0.370538 0.536619 0.798297 0.972079
0.000707792 0.00236943 0.0139191 0.125098 0.818757
-0.000528471 0.000626486 -0.000614632 0.000629062 0.00480501 0.310344
-0.000208451 0.0160013 0.355474 0.568197 0.98027 0.984078
0.0790418 0.290953 0.367997 0.419296 0.529965 0.665086 0.785612
-0.00133571 0.0012219 0.0292098 0.0377982 0.132489 0.464463 0.861006
-0.00029649 0.000871378 0.0122258 1.00023 0.999369
0.00128254 0.00418106 0.00337431 0.00329406 0.0119312 0.310417
0.193199 0.274752 0.403762 0.451689 0.528081 0.829768
0.00122641 0.00914217 0.0120179 0.0987146
0.00139652 0.0299922 0.59664 0.824001 0.993495
0.0119237 0.0597245 0.160173 0.187141 0.255284 0.414979 0.758363
0.0312048 0.0829136 0.143634 0.175979 0.483314
0.0422333 0.0680777 0.247716 0.465754 0.926818
0.119839 0.317205 0.892863 0.946428
0.0174953 0.0181809 0.0357203 0.133388 0.228539 0.56759 0.760679
0.00022744 0.164625 0.331965 0.416409 0.98963 0.998841
0.0149763 0.0630996 0.0934833 0.149431 0.749557 0.773214 0.994042
-0.00057058 0.0013153 0.0318168 0.52282 0.847345 0.909802
0.000594215 -0.000688232 0.0200092 0.965391 0.972275 0.999147
0.0636826 0.0713399 0.154326 0.165679 0.174213 0.373281 0.399915
0.0194725 0.123069 0.256951 0.428992
0.000825666 0.0106847 0.0310865 0.223427
-0.000757718 0.0207186 0.196 0.968635 0.981736 0.984906
-0.000674592 0.00431739 0.0946113 0.317894 0.606042 0.979673
0.0358053 0.239128 0.26573 0.267353 0.999618
0.0181045 0.0406709 0.18451 0.825459
0.0588881 0.363283 0.371022 0.889683
-0.000601325 -0.000142352 0.287269 0.861985 0.99527
0.0126741 0.134671 0.158602 0.737124
0.227137 0.295607 0.304125 0.389294 0.444284 0.484011
0.00198234 0.00280911 0.622822 0.757449
0.0112216 0.108217 0.28407 0.723934 0.904105 0.946243 0.995853
0.00155567 0.00868786 0.0249763 0.800885
-0.000262365 0.0101444 0.0589088 0.0621151 0.122886 0.181532 0.572856
0.00238359 0.250599 0.917797 0.987205
0.0276057 0.0386055 0.140153 0.985484
0.00271114 0.0564741 0.176829 0.255681
0.0737256 0.17146 0.226928 0.713882 0.77247 0.888079
-0.000457205 0.00271983 0.206378 0.316188 0.469605 0.512302
0.000545574 -8.74209e-05 0.0682611 0.128936 0.927851
0.00535253 0.0683698 0.0893553 0.224313 0.825404
0.00146232 0.0257525 0.041114 0.132052 0.345677
0.000397375 0.106434 0.561108 0.603929 0.8169 0.864931
0.00116501 0.00383204 0.0211016 0.343572 0.672777 0.888401 0.991617
0.0926083 0.177594 0.274526 0.333415 0.372565 0.7372
0.0111155 0.0175164 0.353467 0.701741 0.801615 0.941761
0.0035132 0.0440468 0.513971 0.920449
0.0146802 0.05036 0.455183 0.539471 0.731869 0.816683 0.869643
-0.00322819 -0.00116578 0.00189763 -0.00116169 -0.0016118 0.0486052 0.965501
0.01362 0.0314073 0.0572034 0.0921758 0.191256 0.253299 0.408786
0.690882 0.967303 0.995302 0.99467
0.000577081 0.00540561 0.417512 0.693666 0.935435 0.985432
-0.000658883 0.339867 0.379791 0.890042 0.900424 0.98728 0.998926
0.00393708 0.0063176 0.0205668 0.0212423 0.0301921 0.0433636 0.597419
0.0851911 0.186094 0.263382 0.347992
0.0996809 0.164881 0.243816 0.521489
0.14729 0.160713 0.263907 0.426951 0.458687 0.651738 0.713668
0.00873299 0.0120858 0.248801 0.439497 0.829214
0.0309636 0.206708 0.210972 0.556601 0.937977
0.0354201 0.0740071 0.689443 0.959872
0.00196501 0.000784182 0.056071 0.835481 0.900682
0.184055 0.390922 0.415594 0.708617 0.759792 0.821155
-0.000629637 0.0250394 0.752721 0.970227
0.00201861 0.00272725 0.0134359 0.311984 0.39895 0.6502 0.983814
0.115606 0.180307 0.27432 0.483879 0.606535 0.821743
0.275339 0.665312 0.901909 0.952383
0.0151654 0.10549 0.208857 0.273471 0.950496
0.0219202 0.0815487 0.0904649 0.132243 0.208428 0.512126 0.698707
0.09042 0.132957 0.209303 0.270844 0.271082 0.407818 0.774161
0.0854154 0.0938293 0.240454 0.247423 0.83547 0.882939
0.19559 0.211653 0.322736 0.437813 0.564553 0.900661 0.947347
0.0372754 0.0460723 0.249249 0.309475 0.344425
0.011453 0.0222809 0.0358283 0.713673
0.0571564 0.0651847 0.165828 0.374675 0.407734 0.425965 0.683579
0.154512 0.467494 0.63142 0.851118
0.0599269 0.160063 0.246124 0.272897 0.356695 0.52963
0.24482 0.347119 0.52928 0.662338
0.214093 0.275517 0.476869 0.515912 0.851029
0.0369287 0.0493268 0.064457 0.456174 0.638786
0.00239521 0.0999423 0.463183 0.650584 0.825703 0.929515
0.209883 0.263636 0.285774 0.519389 0.563485 0.989461
0.207342 0.399131 0.714313 0.874229 0.896932
0.0289757 0.143008 0.715112 0.92818 0.962221
0.133503 0.29462 0.4605 0.728876 0.745331 0.985027
0.0136279 0.0137724 0.0455245 0.0721159 0.508303 0.744284 0.83365
0.0107686 0.478756 0.721563 0.999252
-0.00069196 0.00112165 0.00770495 0.012898 0.285556 0.939253 0.994058
0.0483009 0.0598627 0.146769 0.892384
0.0544993 0.06741 0.0706206 0.186375 0.222078 0.251232
-0.000403904 -0.000417712 0.000415025 0.00279407 0.0657182 0.589636 0.993855
0.00801662 0.166161 0.224241 0.261338 0.287775 0.699942
0.000607358 0.00335649 0.00728296 0.0586054 0.285932 0.763335
0.0445619 0.0460897 0.0944501 0.125751 0.272176 0.43744 0.649202
0.128196 0.194627 0.285759 0.597006 0.703967
-0.000595879 0.0207666 0.344613 0.965212 0.997188 0.998001
0.0053641 0.0403531 0.0977814 0.214298 0.993495
-0.000360411 0.0141288 0.996316 0.99885
-0.00110417 -0.000702001 0.0106105 0.0485087
0.0044085 0.00464075 0.00867438 0.0487089 0.312129 0.422114 0.771139
0.223865 0.294541 0.497536 0.735557
0.000636757 0.0384832 0.223879 0.369589 0.56576 0.657859 0.779191
0.0593953 0.202331 0.211032 0.983354
0.00657802 0.0336851 0.0586885 0.906367
0.00173723 0.00454547 0.00784361 0.15106 0.966004
0.0201162 0.0854684 0.0885706 0.176138 0.185596
0.00367698 0.0309894 0.162782 0.822662 0.892344 0.924642 0.986328
0.0318881 0.0779912 0.0864765 0.162994 0.797472 0.891245
0.0304156 0.312935 0.58646 0.687709 0.734388 0.831717 0.843811
0.10446 0.15891 0.390744 0.617518 0.697664
-0.000415207 0.0287593 0.195115 0.530078 0.787914
0.0159543 0.163599 0.279541 0.710702
0.000434227 0.0213912 0.0713366 0.107975 0.249055 0.35086 0.505444
0.0608631 0.144726 0.350649 0.595677 0.849123
0.0170484 0.0167978 0.0671376 0.150463 0.69679
0.17677 0.189784 0.750761 0.755747
0.0210846 0.174797 0.214606 0.419907 0.579961 0.88565
0.000444452 -0.00120065 0.00110407 0.018874 0.0362193 0.385743 1.0001
0.00510966 0.146146 0.248331 0.689757 0.74238 0.913572
0.000708769 0.00149075 0.938319 1.00046 1.00192
0.104557 0.169181 0.390509 0.49447
0.00164375 0.443159 0.60837 0.639711
0.0924252 0.156156 0.179964 0.191571 0.266063 0.932797
0.0368246 0.0508434 0.179476 0.304489 0.410116 0.42928
0.0456945 0.227139 0.522271 0.954003
0.224756 0.344928 0.773238 0.993084 0.994204
0.157258 0.238076 0.395946 0.436143 0.54621
0.00083926 0.00234352 0.00698549 0.0084819 0.0200856 0.203152 0.512217
0.00292084 0.0145228 0.0781845 0.161458
0.00116594 0.0295241 0.0546394 0.122367 0.416677 0.498548
0.00336605 0.0525777 0.863133 0.993796
0.155696 0.235558 0.353533 0.776153 0.806613 0.872442
-0.00142431 0.00400774 0.457332 0.901989 0.992665
6.62704e-05 0.159939 0.243778 0.940867
0.0354787 0.06583 0.223021 0.396581 0.548546 0.564667
-0.000643071 0.0014227 0.000379751 -2.93333e-05 0.00677209 0.790487
0.0224826 0.442421 0.662236 0.887233 0.930828 0.966229
-0.0016691 0.00190964 0.120647 1.00108
0.00171 0.00078927 0.00227222 0.116362 0.69733
0.00104042 0.0180885 0.206255 0.754885 0.992542 0.994538 0.999477
0.0129964 0.0139065 0.0850724 0.222281 0.729419 0.814594 0.882885
-9.2323e-05 0.435222 0.891563 0.984651
0.00186192 0.0101964 0.0399023 0.359724 0.56788
0.0038051 0.0660095 0.0935245 0.132922 0.278855 0.570993 0.974223
0.00047681 0.00801562 0.0917675 0.163946 0.227174 0.424478 0.727499
0.00727032 0.032567 0.128371 0.448514
0.0642058 0.481326 0.550232 0.758547
0.0377442 0.368941 0.412399 0.455223 0.474854 0.477196 0.838246
0.0549153 0.065981 0.116226 0.448125 0.959407 0.964795 0.967604
0.148415 0.349101 0.592245 0.69752
0.0021119 0.0200572 0.102428 0.178349 0.490886 0.978388
0.0621877 0.10042 0.123337 0.222309 0.913856
0.0252602 0.400842 0.597063 0.657524
0.00031446 0.0293534 0.0383578 0.209178 0.512317 0.646798 0.975291
-0.000605884 0.00104447 0.0632827 0.220396 0.569449 0.683108 0.980578
0.0418622 0.294898 0.303953 0.630728 0.657876 0.809102 0.930605
0.203854 0.208103 0.224292 0.290547 0.508105
0.104807 0.41231 0.685598 0.856481
0.0645176 0.193811 0.710424 0.833773
-0.000488221 0.0168864 0.0614369 0.429751 0.743112 0.974034
0.0564647 0.118441 0.142369 0.249701 0.439589
0.00686967 0.40416 0.483576 0.860669 0.907526 0.98826
0.000972357 0.00717763 0.0127373 0.0245999 0.0476717 0.055491
0.142278 0.157516 0.21044 0.796219 0.878895 0.988883
-0.000443787 0.00198032 0.00293087 0.0434954 0.0553602 0.142776 0.72767
0.267271 0.334414 0.519472 0.954295
0.000876251 0.00108307 -0.000278965 0.773896
0.00128874 0.00167088 0.101587 0.244238 0.896075 0.992749 0.998118
0.0210091 0.122158 0.627589 0.855995 0.993314 0.999027
-9.46597e-05 0.000530575 0.069123 0.245848 0.370842 0.983671
0.00755587 0.0802509 0.0951344 0.301501 0.827318 0.999361
0.0641353 0.0856215 0.327269 0.368032 0.847851 0.927451
0.250482 0.312681 0.510852 0.65867 0.802567
0.00149286 0.000637021 0.00343505 0.00445309 0.0789356 0.372056
0.0124247 0.199813 0.406349 0.650984
0.141751 0.159993 0.252999 0.433435 0.451108 0.742064
0.0300448 0.132565 0.180941 0.380326 0.640769 0.858978
0.0250146 0.29564 0.980874 0.989221
0.000512712 0.000107399 0.999776 0.999557
0.0412709 0.0450417 0.350381 0.566501 0.92036 0.998027
0.00221817 0.0220514 0.0297616 0.680973
0.00196764 0.00673354 0.0828365 0.379708
0.00556588 0.125337 0.410888 0.459211 0.575611 0.602571 0.827549
0.000150512 0.00119756 0.00180645 0.00764127
0.0116959 0.0195522 0.0391585 0.101594 0.810549 0.968582 1.00069
0.0083447 0.0445231 0.288552 0.674636 0.786617
0.0223745 0.0333974 0.0461041 0.128015 0.283889 0.550605 0.991258
0.370312 0.402324 0.433309 0.533198 0.547794 0.563651
0.00281512 0.0163145 0.332534 0.933385
0.0127585 0.0137478 0.104892 0.151096 0.261122 0.286127 0.886875
0.843917 0.875389 0.949313 0.957783
0.0886374 0.213777 0.235607 0.387196 0.402578 0.417806 0.4615
-0.000210442 0.000582602 0.00474455 0.593569 0.958215 0.999536
-0.000885375 0.00104791 0.0121834 0.769721 1.00009
0.000143406 -0.0012057 0.000917485 0.00273879 0.97316 0.993179
0.000504822 0.274325 0.988401 0.989564
0.0255886 0.351021 0.388926 0.530466 0.538438 0.600628
0.0035436 0.0102394 0.0127812 0.19423 0.21526 0.992844 1.00095
0.0171991 0.0249911 0.152018 0.24969 0.942219
0.00087853 0.0449505 0.335083 0.843744
0.00188644 0.0169772 0.222639 0.957381
0.422668 0.456724 0.459591 0.574382
0.269788 0.443737 0.470734 0.598778 0.658953 0.669778 0.781535
0.109909 0.111078 0.150595 0.158909 0.833004 0.901752
0.000978243 0.0165561 0.181382 0.999832 0.999964
0.00174954 0.0115592 0.027341 0.362871 0.601637 0.606716 0.906441
0.0622398 0.268495 0.455491 0.525297 0.93969
0.215156 0.489545 0.955379 0.995247 0.999095
-0.000255797 -0.000795946 0.00633632 0.260043 0.882521
0.040087 0.1693 0.19695 0.352075 0.472158
0.398539 0.429678 0.678132 0.910828 0.918 0.981443
0.036717 0.0482411 0.0735756 0.393158 0.428841 0.951493
0.00475272 0.225397 0.586578 0.711182
0.000234064 -0.000266407 0.0015424 0.166185 0.318506 0.969132
0.00102318 0.012631 0.0171633 0.067935 0.995301
0.0428888 0.486746 0.685925 0.700682 0.712595 0.79088
0.000238546 0.138266 0.557763 0.989811
0.0137611 0.0150414 0.869765 0.984848
0.00437176 0.00471186 0.0374399 0.498935 0.583661 0.901083 0.949026
0.0686605 0.379788 0.391989 0.511864
0.014913 0.182 0.467639 0.81434 0.851506
0.00167089 0.395209 0.466124 0.999431
0.0279163 0.0402316 0.538124 0.599762
0.0168408 0.0294508 0.0648046 0.0771568 0.245505 0.461507 0.556941
0.0853061 0.107476 0.207263 0.258146 0.648141 0.956829
0.0266174 0.0348146 0.0801332 0.116147 0.308678 0.450163 0.645627
0.000572438 0.000596321 0.00249902 0.255891 0.97641
0.306106 0.410027 0.852314 0.92135 0.970124 0.988278
0.00637668 0.0352792 0.276862 0.277943 0.388103 0.935489
0.0220034 0.291376 0.345421 0.379876 0.984672
0.431421 0.518323 0.891353 0.980181 0.982677
0.142456 0.174206 0.247179 0.602764
0.176506 0.294329 0.344646 0.487321 0.798983
0.000390021 0.00845509 0.874007 0.998821
0.000794117 0.000950777 0.0185506 0.410023
0.0174096 0.065186 0.065963 0.527719 0.561228 0.987428
0.0698712 0.476407 0.838891 0.945476
0.0465573 0.0821929 0.235877 0.264435
0.159387 0.219581 0.264861 0.647223 0.651921 0.688205 0.695992
-8.00856e-05 0.00142007 0.0688521 0.468711 0.828348 0.917407
0.0814992 0.438323 0.456874 0.695115 0.890645 0.933287
0.014537 0.0397838 0.0521886 0.0881047 0.475515 0.870184 0.875849
0.02333 0.0316766 0.224117 0.300123
0.00201987 0.0272282 0.0566714 0.914467
0.0324118 0.0461423 0.204145 0.247485
0.0833139 0.114509 0.300391 0.483319 0.525355 0.629089 0.759665
0.0093646 0.0491376 0.186539 0.259485 0.330572 0.34417 0.457711
0.0143697 0.0612711 0.420559 0.993119
0.00125423 0.0553981 0.987366 0.996926 0.99966
0.0140562 0.0528092 0.129925 0.55741 0.68123 0.798074
-8.99682e-05 0.000184805 0.217155 0.65215 0.722248
0.000494059 0.46077 0.959753 0.995207
0.00602021 0.00592388 0.0504617 0.39221
0.000940066 0.00261743 0.00599136 0.0664907 0.118114 0.182659 0.975626
0.0223995 0.0303346 0.0660247 0.176878 0.297216
0.00726858 0.0161572 0.153618 0.964313
0.042615 0.0886373 0.204853 0.255759 0.407869
0.00835297 0.221198 0.239772 0.464543
0.00704271 0.0117349 0.46773 0.888898 0.998438 1.00044
0.00282911 0.0355975 0.430363 0.964675 0.976917
0.000647806 0.44842 0.780536 0.921959 0.965201
0.00727545 0.0226675 0.0466003 0.310977 0.712574 0.782426 0.790624
0.143201 0.385797 0.440697 0.74864 0.767869
0.0266107 0.2431 0.34869 0.356355 0.406863 0.805692
0.0490092 0.177029 0.176378 0.189508 0.297945 0.327451 0.993726
-0.00164545 0.0716093 0.0971266 0.137835 0.993416
0.00358461 0.0926541 0.502198 0.667111 0.713626
-0.000696707 0.0195384 0.307273 0.402093 0.678496 0.89124 0.989516
-0.000192445 0.000406753 0.00156288 0.596236 0.969095 0.976227 0.996742
0.00495238 0.0353266 0.149011 0.532054
0.00327925 0.0158651 0.0295048 0.071033 0.683788 0.704025
0.00352329 0.891406 0.919519 0.998413
0.131888 0.164172 0.248911 0.272448 0.349569 0.476653 0.964841
0.000579792 0.00213727 0.0435769 0.0691724 0.724093 0.833782
0.00437828 0.0591385 0.36171 0.378014 0.83173 0.89118
0.0066968 0.0379253 0.165107 0.184313 0.238855 0.456357 0.481292
0.00149231 0.000852789 0.232375 0.385282
0.0123777 0.223856 0.395327 0.662258 0.69359 0.929722 0.967218
0.00161984 0.0183357 0.117307 0.59776 0.782554
0.0305544 0.567989 0.707956 0.913236
0.0137358 0.0261258 0.0554244 0.117995 0.183414 0.387176 0.93219
0.0079433 0.00737857 0.0340376 0.198637 0.212345 0.259191
0.156838 0.351705 0.451652 0.474544
0.12844 0.203292 0.231553 0.351392
0.0232882 0.0343797 0.0411202 0.0618692 0.113682 0.232505
0.0539066 0.0885765 0.0964627 0.185665 0.400026 0.438354 0.591138
0.000634831 -0.000799047 0.0187138 0.992013 0.999143 1.00051
0.000456661 0.00316524 0.019677 0.127346 0.48153
0.0238958 0.243188 0.420406 0.761375
0.00178979 0.175771 0.476042 0.768544 0.990897
0.0164687 0.0266596 0.145461 0.449914 0.890396
0.0911257 0.110117 0.646054 0.706319 0.87645 0.975315
0.0799561 0.114661 0.248478 0.543716 0.562583 0.998456
0.0162252 0.0388529 0.447106 0.895469 0.939727
0.0275197 0.0799701 0.181661 0.293009 0.781207 0.972532 0.993763
-0.00145988 0.0234138 0.0616414 0.0642443 0.931003 0.952269
0.0174253 0.0533375 0.186871 0.60252 0.834452 0.999092
0.00275206 0.0431767 0.988157 0.996062
0.00956076 0.0762462 0.0731635 0.674421 0.998378
0.0110146 0.0339699 0.0495773 0.17324 0.329207 0.920636
0.0671328 0.0802617 0.0877174 0.126885 0.403499 0.528983
0.00103801 0.00895648 0.135204 0.214045
0.00245755 0.0237147 0.611995 0.794794 0.973745
0.0231419 0.0326335 0.047107 0.247319 0.830205
0.0225525 0.427611 0.437702 0.866788
0.00225325 0.0125617 0.0608247 0.0721963
0.000268953 -0.00215227 -0.000320163 0.000658012 0.290722 0.511747
0.00149532 0.1833 0.240934 0.383679 0.865508
0.0366471 0.0575656 0.108551 0.113687 0.124134 0.242471
0.000583484 0.000122928 0.0192664 0.113695 0.206357 1.0004
0.00597105 0.0557878 0.0576328 0.0632559 0.418082 0.992531
0.0124934 0.25585 0.373557 0.875588
0.00218392 0.00650338 0.00977816 0.628921 0.894024 0.998181
-0.000201741 5.05969e-05 0.0584757 0.199405 0.972704
0.0116604 0.0373518 0.0889148 0.713462 0.981625
0.0110981 0.0224372 0.410958 0.678308 0.723619 0.961997 0.981775
0.230988 0.243645 0.269538 0.500252 0.523858 0.532369
0.0124322 0.0281441 0.165908 0.19855 0.210766 0.239981 0.605178
0.126643 0.276999 0.337925 0.420135 0.995581
0.216097 0.220214 0.324246 0.381913 0.550991
0.0106461 0.0173069 0.226717 0.559693
0.123678 0.133173 0.480378 0.681926 0.7662 0.997941
0.000915238 0.0403558 0.0479226 0.0808384 0.294601 0.847959
0.00234005 0.121664 0.136236 0.138925 0.179506 0.908778
0.00125876 0.00947426 0.211273 0.301843 0.393742 0.975615 0.992602
0.00830459 0.228903 0.289732 0.567878
0.0281326 0.0458872 0.320047 0.373548
-0.000452621 0.00155631 0.0992516 0.134179 0.154564 0.210164 0.263198
0.000921584 -5.8498e-05 0.0197649 0.0545149 0.061748 0.305687 0.611137
0.014804 0.169589 0.451351 0.637499 0.733847 0.89876 0.993187
0.0329669 0.101173 0.210195 0.469389
0.11959 0.178397 0.291398 0.387934 0.66025
