34.5685 56.7673 61.8189 72.5069
45.6947 56.13 80.4637 85.7624 88.2022 93.0709
55.8417 57.238 64.8123 70.9146 78.6552 80.0013
59.1321 62.6189 69.9058 84.1221
37.7637 53.5248 64.8339 67.6888 70.1218
45.2956 52.8078 65.3191 67.36 71.1523 78.5802 95.7436
53.8525 57.2083 68.632 76.6098
48.3873 51.8922 66.6255 78.4851 87.9596 102.268
54.5726 63.2107 71.7047 71.8128 97.0085
47.911 51.0337 53.5982 63.4847 72.8614
53.64 64.3889 75.0799 102.361
60.5306 69.7915 77.6803 84.6111 86.3051 88.6606
49.2121 55.5566 56.473 57.2607 74.1174 106.593
33.9256 47.7225 65.6517 74.4142 81.3458
57.2239 63.5944 65.078 72.2902 77.354 93.9108
57.7981 58.0523 63.914 65.2394 68.4008 78.5883 86.3157
51.0406 75.6516 86.5325 87.8723 93.6767
49.733 55.9439 67.6836 77.8323 84.6859 97.8107
58.4717 61.4371 66.4047 69.7643 73.486
56.5185 68.2199 70.7218 74.8093
49.4084 63.3876 69.2718 75.7883 76.4006 89.3062 94.1857
57.8179 60.5854 90.9218 91.4437
51.7781 56.1759 61.9613 62.846 66.284 69.0156 81.7807
46.8906 60.2221 67.4165 79.4926
50.2294 58.9417 67.2966 69.9938 70.4669 82.8309 125.62
44.874 46.8308 55.5899 61.5109 64.2237 64.597 87.6988
48.4887 56.7491 67.9282 85.9924 107.417
52.2825 53.5933 53.7982 69.8828 75.5847 77.3141 82.0523
57.409 60.3948 60.4043 71.2088 86.1507 90.9994
27.3874 66.9814 68.6519 73.6522 93.516
55.5009 66.5227 66.8065 73.4708 76.2209 86.6036 89.9937
50.4931 56.6336 63.3024 67.9054 73.3118 91.0932
59.2318 69.4004 73.5544 81.2696 83.1123 85.2341 93.9508
37.3127 57.8256 64.8023 69.2909
54.6848 59.2427 61.7428 62.5795 73.3747
62.926 72.4878 79.3355 83.909 86.1438 87.5067 97.9662
33.8337 62.1499 63.7398 63.7908 66.0354 96.6584
45.2947 63.4917 81.3859 82.9706
58.7009 60.181 62.0336 68.5707 71.0086 78.5668 88.9761
44.6814 52.9969 74.3001 91.4782
52.3471 62.5936 69.3399 80.0199 80.8735 81.5039
44.4264 51.698 63.6297 63.8949 64.6964 67.5114 89.2514
44.8232 50.5691 65.7714 79.2179 93.1205
46.2977 56.982 64.9474 66.4553
44.4363 56.7799 57.0931 66.3099 70.2968 73.5722 86.7664
49.8255 64.7554 69.7554 73.3714 89.8038
64.166 68.7509 69.4863 76.074 76.9493 80.3752 88.4978
58.2463 58.2561 73.2323 75.3469 86.7315
56.4997 59.2375 61.9424 71.8126 74.6538 85.8536 94.2061
48.7897 51.0536 61.683 64.5969 86.9421
46.4498 54.1957 64.8626 67.4923 73.6957 74.3777 83.0876
58.6209 59.0552 63.1562 92.094 92.8055
33.5797 52.1186 55.994 66.5239 67.15
65.3889 71.2546 89.3733 92.4111 97.0379 97.6926
53.4128 75.5129 77.2532 84.3756 88.4132
58.0621 63.8214 63.8642 66.0565 73.9286 78.5336 82.2248
65.9989 80.1767 80.8076 86.0095 95.1522
41.3016 62.1215 75.5258 75.6197 76.5873 87.2265 89.5117
64.9869 68.8281 71.2264 79.4133 81.162 100.58
48.0197 52.7498 67.9372 72.8377 76.3617 80.9026 87.9551
54.566 55.6667 58.3215 72.411
27.4983 57.4953 70.8603 70.9191 73.4654 79.8521 87.217
41.1241 58.7331 81.3963 81.8774
57.8537 73.0787 81.4509 110.324
47.3246 58.3098 63.1106 71.7295 71.8838 76.5105 77.4327
64.6362 66.0774 76.8035 82.728
39.0717 55.6252 60.2203 63.1789 79.9114 82.7145
58.6215 74.8866 75.8795 93.193 96.0437
57.2523 62.421 72.9386 75.7883 81.0231 90.3833
61.1013 66.5855 71.7402 76.8419 84.5772
32.103 53.6196 57.3512 61.0543 65.3748 76.6337
37.4722 59.3556 71.5441 74.4798 86.5906 87.5309
59.1006 69.8148 72.2057 73.6605 76.7498 80.6113 84.832
23.9293 55.7048 65.7923 66.4958 70.467 75.4984 81.2085
54.4181 56.7884 63.1275 96.4762 99.8574
57.1474 58.5979 59.0828 60.0615 63.1232 72.7934
55.1076 61.9933 70.8069 73.6132 78.3229 99.9951
29.1584 55.3494 55.8186 65.3837
50.4822 59.2547 72.9778 77.1072 88.8353
50.0749 60.6345 68.4262 69.836 72.6953 77.9841 88.645
50.8998 59.5625 64.6464 66.6714 78.8089
48.4902 51.4485 61.5457 68.0259 85.803
69.2216 74.1436 85.6516 88.753
60.2395 60.5066 63.2082 68.7329 71.2588 77.1476 80.5963
47.4218 68.7874 70.4711 71.1388 80.141 83.1701
56.6701 63.9844 65.8566 68.2105 80.6391 81.2337 98.0476
45.2877 57.4808 66.1893 79.4675 85.5478 87.7906
45.929 54.4303 63.1777 75.7381 76.3468 92.618
60.8767 61.9538 68.6469 69.3203 69.7386 77.9432 78.7765
48.9239 61.5483 67.431 72.4018
46.2187 56.0333 63.4681 77.5234
31.2438 53.8586 66.5358 91.5316 94.5618 95.5954
41.7436 51.5494 67.7076 75.1119 80.951 97.7026
58.6755 69.0647 69.738 69.7641 107.716
60.9628 63.9198 70.2626 81.8001
64.7505 78.4638 78.7167 94.9774
50.7085 59.562 73.999 79.8332 86.8592
45.3717 64.0304 65.4848 85.2648
52.4491 59.9387 61.0623 69.0615 74.0287 77.3809
51.5196 54.8326 75.5072 77.7419
57.2526 66.5326 70.9895 78.1316 82.9709 85.2884 96.3936
39.1603 56.7212 62.3562 87.6806
36.3405 57.2986 63.4222 63.7123 66.4103 68.2408 74.8964
52.1289 72.4799 87.2337 95.3172
55.7593 57.49 63.6216 90.2679
60.9055 69.574 73.6834 75.2261
58.7207 64.068 66.006 77.8528 79.5259 84.2013
39.7462 56.7158 73.2211 75.2338 77.497 78.1088
41.1637 44.9237 65.8699 68.8486 88.2389
46.6453 61.0786 62.6468 67.9075 81.9094
27.0286 54.5511 57.8184 65.8633 73.8742
28.6372 62.9671 76.1991 77.1536 83.1232 85.1949
55.445 61.6643 66.4786 75.3604 79.1493 82.8861 90.2779
56.7026 64.4256 70.2548 73.0783 74.8651 90.7585
62.3625 64.059 76.6887 82.086 84.0662 89.3059
41.8381 61.3109 83.6178 100.838
44.4568 53.2977 74.3011 76.8137 83.3038 87.0844 90.1312
40.7412 52.1069 53.823 54.5182 55.3488 67.567 85.5658
56.8597 60.9314 64.1648 66.7283 70.8234 72.5224 76.0368
72.2666 80.8386 86.1493 87.327
36.8501 60.8194 71.4623 73.994 78.0608 81.2831
41.6552 71.3585 72.2203 84.3241 84.9196 94.6523 102.429
44.6148 49.161 57.1472 57.2389 58.95 61.1486 80.216
37.769 54.0314 62.0967 69.1629
67.2701 70.4963 73.2742 80.1294
58.0392 59.3249 66.6773 75.3063 76.8577 86.276 89.5015
43.2588 46.2304 69.3898 75.1915 87.7086
49.9987 66.6417 66.8203 78.957 98.5375
67.0474 69.4917 80.1115 87.4786
44.3934 49.777 66.3554 81.207 83.1804
60.1778 70.6666 71.731 84.0993 86.681 90.4947
35.2062 65.9306 79.5209 86.4156
59.214 59.6022 64.2165 74.8269 75.9481 79.0011 89.411
44.7188 52.887 61.5238 76.1301 84.0106 101.516
63.6933 71.1671 78.0103 81.3872
55.3828 65.3263 69.3045 71.0579 90.3945
53.065 62.8081 63.7702 66.9389 71.1752 81.6701 87.7277
50.0143 55.9585 63.3528 67.8392 67.9528 76.1797 97.7407
56.729 57.6302 67.6681 67.9629 92.5158 95.9581
58.0788 59.1411 65.8776 71.5873 77.6095 100.45 108.725
58.0502 59.1931 70.3086 72.1463 73.0014
59.8621 61.7796 63.7086 77.5572
46.7739 47.9748 56.3156 65.5529 66.6226 67.2231 75.9936
57.5877 72.3366 78.7139 90.1019
55.4824 63.8749 67.7605 68.833 71.7377 77.0483
71.1969 75.1564 81.132 85.5453
63.162 66.8188 76.2568 77.92 95.9442
55.9925 58.3292 60.6339 81.3898 87.6648
38.391 63.2604 77.7657 83.1719 89.7748 96.8129
65.586 67.9098 68.8472 76.6979 78.0394 113.059
64.3227 72.0336 82.8308 91.1297 92.8398
56.049 65.0961 79.5361 88.4077 92.1279
64.9889 70.2508 74.0857 80.1518 80.6242 97.2443
46.1927 47.2554 56.6773 60.68 80.2748 88.2038 92.309
52.2967 71.8663 76.4901 107.589
23.034 51.7298 58.4565 60.9555 73.6032 87.072 95.9568
54.5827 56.4574 64.6662 97.1877
66.4325 67.8181 67.9488 73.6945 74.8681 75.6952
57.1725 61.354 61.9598 63.6271 72.6247 79.2468 90.1243
55.4804 69.7451 71.3614 72.3083 72.917 80.8095
41.7505 54.202 58.079 68.1167 76.6778 86.2939
48.3289 49.3868 57.2656 60.6715 70.991 78.762 88.1211
59.5842 63.4719 67.3139 77.6363 81.315
53.8696 66.2068 72.7368 80.8401 85.9895 87.4125
55.9814 65.0563 69.3625 73.4931 101.504
36.198 68.052 85.5439 89.2634
34.5163 50.0489 65.6894 69.5202
44.3606 45.4619 50.5016 59.9328 72.6417 75.4165 84.2876
64.044 68.3663 78.269 90.2235
42.336 62.9349 72.3157 75.7007 79.5112 81.3735 84.2273
60.8359 68.226 68.5524 97.0347
50.55 58.7728 61.7281 86.6331
45.5979 52.0288 56.2076 66.9473 84.9135
49.4774 59.7964 60.2162 65.3235 65.7897
43.6301 55.0137 64.1187 79.9287 82.9115 84.8306 92.8068
54.6676 60.8119 61.6601 66.5064 86.4539 91.3251
50.8411 70.8041 79.2064 82.5218 84.255 88.7406 89.2591
57.193 62.4371 75.2115 84.9716 88.7301
50.3957 63.7582 68.0419 71.2368 73.7431
45.1678 67.7104 74.0676 90.864
47.247 61.8469 67.0916 69.008 73.3039 75.3506 78.0741
56.1472 63.9328 73.6297 82.0106 93.1674
52.3933 52.497 60.857 65.9794 81.01
66.3059 66.8371 86.7125 86.9062
49.8928 64.9565 66.5485 72.6955 76.8396 87.7995
49.0944 53.6958 57.9413 65.9275 67.5622 74.2941 94.1209
38.7881 64.8809 70.1583 85.3354 87.4064 97.8793
43.5007 57.3988 84.3509 97.3094 97.5954
54.1795 60.6707 74.7277 79.8716
26.9047 79.6485 84.8259 85.8509
60.4126 64.7169 66.0386 66.62 69.636 95.6756
39.1435 44.0731 63.1452 72.8007 79.0455 80.1939
64.9901 71.2174 75.8769 86.2919
67.1268 68.6744 73.549 83.4467 83.8891
57.4625 63.5527 72.5155 74.6847 79.9129
37.4481 52.1329 58.3363 60.3955 63.6122 73.1614 78.5879
44.6503 52.8723 62.0498 66.4168
42.6436 58.7062 62.6204 68.1261 78.0168 80.0566
57.495 68.5773 84.4925 95.0928
58.6472 63.365 68.8971 86.3139 88.223 92.8535
58.957 63.0183 74.9919 80.6716 86.4608
57.7403 76.5272 77.6162 85.6195
42.2162 49.5252 64.8309 74.0257 80.8477 81.5206
28.6949 53.5215 53.5693 53.7768 68.8035 82.0899
62.811 77.438 81.169 86.8609 89.0579 92.2095
48.5393 72.4292 77.1698 90.4646
42.4938 44.1383 48.2178 66.0396 77.7847
49.7917 62.8672 71.4546 79.6868 92.4929 93.1437 98.0133
56.8328 57.0095 67.4229 73.9034 86.7602 89.509 92.5747
50.5607 76.1803 82.6415 88.3913
57.6989 62.0465 68.8187 81.2096 85.2589
51.2501 65.4015 67.2385 69.1169 73.4636 79.3514 95.0806
30.4561 46.3842 60.889 65.05 67.6355 73.6495 82.0164
43.1198 53.0371 63.9142 76.5257
58.3392 78.7024 80.8466 88.2108
50.7906 71.8362 73.2989 74.6598 75.2929 75.4132 88.9737
55.6606 57.0769 61.5636 75.1988 100.162 101.419 101.611
68.0622 73.75 78.6497 80.9717
39.1557 53.0948 63.0567 66.9512 75.5415 98.4467
56.537 60.8831 62.5547 68.2809 97.1119
48.7543 74.8431 81.0939 83.2088
35.1064 61.7574 62.9984 71.5139 77.9034 80.4749 94.5449
42.1547 54.3229 68.8082 72.801 77.0576 78.3991 87.1732
51.6501 68.883 69.1947 79.5452 80.445 86.4813 95.0712
68.4058 68.5194 69.3815 72.0636 79.5315
65.2753 77.5167 85.3255 92.2321
50.9452 63.5952 87.1372 94.1464
46.8557 62.8591 67.6669 76.455 81.251 90.4075
56.087 63.1553 65.2031 71.1686 78.7656
56.7428 71.9492 73.0304 79.3374 80.8505 88.1768
51.3463 61.1197 62.9665 65.0727 67.5785 67.9846
56.9279 58.2089 61.7841 89.8557 96.201 123.807
56.1244 58.9159 63.2227 69.6918 70.3993 73.126 80.4706
65.9541 68.6214 74.6302 98.0902
58.0539 61.4793 67.4195 82.2592
56.104 59.0005 68.9342 71.6359 80.2005 87.1307 90.439
63.4724 67.7139 73.6191 76.6344 84.1016 90.8436
32.8605 46.2514 64.236 71.0526 73.8181 95.248
54.1182 61.5007 62.1563 66.6751 74.3387 95.0883
68.1268 69.6518 77.8585 78.7176 89.8896 93.9459
62.6333 66.3437 76.3658 83.8296 92.8168
58.0241 59.131 61.8534 62.4781 68.5699 72.5435
46.7988 69.3072 76.8637 84.3802
58.969 59.962 64.1583 70.1914 70.696 79.9117
39.9642 55.2093 58.6788 68.0856 77.9128 89.1773
54.3793 69.5701 95.0906 98.2833
30.0296 47.5686 88.4248 91.3058
63.229 63.4234 74.1556 77.9664 87.5297 101.619
63.2883 68.7421 69.4169 80.6176
54.4555 60.8187 68.9335 74.5168
41.5261 62.0531 72.1765 73.4663 76.4892 77.2075 84.6102
35.8661 43.9516 52.4928 57.3849
57.3625 59.5026 62.3816 66.735 81.3876 89.1104 103.774
44.9442 57.2281 74.6062 87.753 92.3354
50.0725 52.4306 53.996 60.6468 66.1818 72.6339 97.8251
68.0601 70.4691 72.7619 80.1851 81.0152 82.3626
41.4581 55.1271 74.9054 94.6394
59.1694 59.808 69.7586 71.6006 74.5963 75.149 88.2361
79.69 80.6036 84.0798 84.769
51.031 64.6618 66.4757 76.2668 77.2353 78.0331 80.4063
46.7643 48.7024 67.5217 79.6842 85.3238 93.7124
54.7031 62.5681 69.0416 86.683 109.336
49.2848 57.1105 60.3135 60.4334 82.3874 85.1381
56.7005 71.2277 83.7721 84.4532
41.936 69.7167 71.2102 76.3773 76.613 78.8824
54.9343 58.3634 59.233 69.4387 69.8737 90.4975 97.5355
66.6634 68.2633 74.282 76.2248 88.4761
52.6058 69.964 74.6479 79.2971
60.5018 66.3756 74.0865 86.1764
69.3841 72.4086 72.5272 83.035
62.4318 73.0642 74.4936 81.6464 85.0358 85.9267 93.4835
64.2208 64.3277 66.6057 67.0405 88.326 92.3919
49.4974 65.5449 72.0612 96.5739 101.955
44.7985 53.5546 59.2236 75.7542 81.2097 81.276 91.3898
51.6363 62.6935 68.0164 69.8596 86.9959
66.7662 73.582 90.4623 101.701 106.691
45.5447 53.5885 65.4828 77.2424 86.5951
51.8374 65.7069 67.3297 74.2688 78.6258
73.1291 73.989 80.5169 90.608 91.3341 101.267
47.1093 49.6532 53.5683 72.3134 73.7091 103.087
39.4107 67.3172 77.4235 81.0007
58.6844 59.7071 61.2825 73.5564 75.8821 87.4054
57.8313 68.7128 69.9165 73.2979 92.0546
51.004 77.4149 84.6343 85.2469 85.6821 89.3756
56.6298 71.327 77.1387 89.9504
54.5187 54.9591 89.5392 102.618
49.8814 51.414 59.9111 72.8824 74.2311 81.7194 84.7637
47.8302 72.8272 73.506 79.2913
48.7857 65.4545 74.041 84.0969 85.8618
36.7468 69.9835 71.0453 101.027
50.253 52.7786 77.564 79.4695
44.9104 51.1135 58.6967 60.4177 73.4634 82.6905 86.3392
57.44 59.5279 65.1521 67.305 79.6178 98.0849
52.0776 53.765 60.5126 63.4373 72.2815 76.6927 82.3625
54.0497 56.3259 59.5011 76.3674 90.8475
67.9675 69.4344 76.4291 78.787 82.0195 85.0719
41.6565 55.3678 75.1451 75.1557 79.3031 105.253
51.7478 72.053 73.7937 74.8299 107.045
72.6802 74.423 84.5366 93.5584 94.4927
64.1957 66.9371 72.3479 90.4747
62.7067 68.7866 70.8281 76.2021 89.1358
60.0401 64.3155 79.7137 90.8202
60.5471 62.3193 71.6912 77.2111
57.0951 64.01 64.2242 79.2446 79.9366 102.458
51.4413 70.3093 83.6801 92.8477
52.1436 57.1562 67.8809 69.3163
57.88 62.9406 66.2148 87.6465 87.9802 90.1912 90.6944
39.6717 50.1333 70.7556 77.8205 82.6282 85.0299
59.5594 73.5907 74.1013 80.6513 88.824 92.572
49.533 55.4238 57.541 61.2132 76.0947 89.2932 89.5747
54.8197 56.7084 70.3336 72.8286
43.2766 60.0879 64.3293 93.7256
59.5425 61.9302 72.34 73.9121
57.1147 60.6076 71.1221 78.0961 79.6048 83.3398 88.8632
40.3295 54.7857 68.1931 72.01 75.0905 75.6102 79.7946
61.2424 65.0968 71.4599 84.7967
34.6214 69.0744 86.3729 90.5197 99.7969
49.5185 59.1868 66.0652 80.9576 84.5778 88.7822
49.7451 56.2379 73.7376 79.9261 80.9908
41.7423 74.2799 89.8785 100.711
59.4978 61.0133 67.5626 75.7912
52.2623 58.2345 60.7949 68.205 70.2122 71.8347 88.5447
57.0677 59.3491 64.4824 70.9453 75.0549
46.1163 52.3816 69.4071 104.501
44.0858 53.5869 65.7778 69.3945 78.0015
38.3154 64.7339 65.5459 73.3645
64.7123 65.6568 73.209 77.0908 94.9583 95.5017
48.7294 59.4705 72.928 89.021 91.3866
48.1081 77.7905 83.2032 87.5563 90.6387
45.0662 52.9513 57.5647 71.8503 82.7229 85.0657 85.4144
51.3142 69.2689 72.1698 90.374 91.6728
57.4761 72.1827 75.264 75.4267 76.6885 87.4348
57.0325 67.6316 67.6796 68.2449 72.6505 73.7234 114.531
32.0411 64.9768 66.4087 68.0429 95.4676
63.2316 72.7046 78.409 80.1461 80.6709
53.2499 63.9688 69.9643 70.736 72.9006 75.465 80.062
26.0198 48.0999 53.1648 77.2965 88.8358 90.0008 96.5322
50.3255 58.2977 64.4855 71.6107
46.5431 53.7891 56.7832 61.0026 76.5711 77.0658
56.9908 84.5731 85.7615 99.1964
56.4051 58.7698 64.1057 65.3785 68.8815 74.166 108.814
26.6805 36.2341 56.163 59.4613 82.0529 86.1314
47.1058 60.1427 72.374 72.7926 84.2539 87.1196
31.5105 51.3255 66.2124 67.4001 70.3637 79.3635 80.3361
51.6964 53.4038 77.2371 78.7804
34.796 63.6839 71.4438 81.7352 83.0822 99.813 106.876
56.0754 63.9509 72.111 81.8535 85.3912
58.5715 78.3817 81.6252 89.4688
47.543 52.4323 58.2689 64.2603 68.1783 75.9897 99.3748
47.3817 48.3078 56.7652 67.3113 67.8962 69.207
57.0627 67.883 72.1519 73.0892
45.3677 55.6437 58.8252 69.9487
58.2943 60.3695 61.7174 64.0146 67.6523 72.4703
56.2808 60.3547 60.7928 66.4292 74.2869 75.375 79.8741
56.3709 67.1008 71.0254 78.7437 80.6294 87.6395
57.5917 65.5054 69.3766 74.593 79.6081
49.8174 67.8969 73.4234 83.7795
49.3241 72.2509 78.5434 84.1461 99.1483
52.5032 55.8309 64.9142 72.8142 84.391
62.4697 63.5911 76.5585 77.8933 83.1085 91.3592
63.5395 65.2536 69.1044 74.3724 74.7055 98.9395
66.0483 68.7736 78.4792 86.0715 88.0488
51.8407 59.0159 64.7672 68.5714 81.7771 96.1321 106.686
44.5638 63.5208 66.7935 66.9243 83.4485 84.6459
59.879 64.3975 69.505 76.3382 80.7038 101.268
39.2288 70.2408 84.8652 88.3075
53.5567 62.6744 62.6904 78.5188 110.935
55.5907 60.9524 62.9552 69.6018 73.6752 88.5962
53.441 55.0779 55.8468 59.161 71.8065 76.0106
48.1092 57.5513 69.0775 71.298
64.2051 69.9748 80.5065 82.8253 88.6211
56.3957 58.5206 60.7999 71.5356 86.7815
42.9026 77.0695 77.3833 97.7747
46.6817 54.4189 64.6098 65.6806
49.4709 50.0019 54.3934 70.4417 81.1333 82.7806
9.96464 60.912 64.1777 70.0366 90.7835
63.4318 65.8321 69.4504 69.7708 70.2387 74.6358
29.5558 44.3197 68.0786 72.9447 74.8002 95.2496
49.099 60.3418 60.6365 61.2118 73.695 101.83
54.9324 75.3805 78.5454 93.0145
55.675 58.5624 59.2734 70.8977 74.5029 82.9479
53.5265 53.9643 68.9342 71.6606 81.3962
57.4898 62.8775 66.9125 81.3094 95.2037
56.2968 60.8489 78.4077 84.0949 85.1883 96.858 100.945
67.754 68.3579 69.6627 79.0637 79.9383 80.3402
63.0737 66.5441 74.5893 75.4865 75.8313 76.5732 83.3626
64.1928 70.2533 71.9966 74.1977 111.073
61.8661 62.2669 68.2856 71.2017 79.0396
61.9321 64.3289 77.4466 84.4912
66.0862 66.4468 72.96 76.0538 77.5709 96.3392
39.9282 58.1054 59.2382 62.1123 70.2843 83.8351
34.7672 61.5419 62.1383 62.1568 63.6143 80.9918
52.7184 61.0239 69.9951 71.3512 72.4955 84.1922 87.6095
44.7336 68.0913 70.2337 78.0654
62.6708 64.5612 73.9771 74.9766
30.4074 38.4385 67.4617 69.4761 70.4152 72.571 74.2718
47.153 49.7766 60.9266 64.9516 65.5277 73.1254 78.2317
60.8482 70.5035 75.5934 78.3796 79.9702 84.2977 94.7741
63.9482 69.1194 72.8812 78.1878
59.9859 63.0321 67.4526 70.4004 78.1851
