iter Noise Position TauMean TauVar KsiMean KsiVar Delta#1 Beta#1 S#1 NuMean NuVar
0 1.41999 0.0346476 74.9862 0.0310624 0 0.000892119 -0.0486491 0.0434086 0 -0.00362174 0.00196843
100 1.15058 0.137444 73.3828 1.564 0 0.000888217 -0.0753842 0.0428144 0 -0.0126021 0.00242536
200 0.890488 0.230296 71.7234 6.68784 0 0.000890806 -0.0920167 0.0315594 0 -0.0217361 0.00286889
300 0.656262 0.328526 70.6287 16.3807 0 0.000884222 -0.0899001 0.0284612 0 -0.028345 0.00309291
400 0.487523 0.406149 70.222 28.5491 0 0.000874767 -0.0763807 0.0290583 0 -0.0332409 0.00340468
500 0.353729 0.487484 70.3152 40.2018 0 0.000878642 -0.0667776 0.0312051 0 -0.0399184 0.00317912
600 0.265461 0.569593 70.9945 49.1433 0 0.000874812 -0.0566599 0.031635 0 -0.0439618 0.0034022
700 0.216759 0.656014 71.9671 54.9422 0 0.000881089 -0.0560127 0.0303292 0 -0.0470057 0.00342426
800 0.201218 0.668314 72.3214 56.4006 0 0.000889871 -0.053249 0.0307661 0 -0.0491967 0.00402055
900 0.192001 0.669038 72.1761 55.7589 0 0.000894368 -0.0564112 0.0322629 0 -0.0478454 0.00466449
1000 0.181166 0.664884 71.9953 55.3405 0 0.000894153 -0.0588011 0.035427 0 -0.0505613 0.00510143
1100 0.174727 0.667133 71.932 55.1032 0 0.000891361 -0.0577978 0.0364471 0 -0.0511156 0.00561966
1200 0.167642 0.66707 71.8619 54.6809 0 0.000887343 -0.0438594 0.0418065 0 -0.0503946 0.00587784
1300 0.162415 0.663489 71.7413 54.7764 0 0.000885743 -0.0289229 0.0448954 0 -0.051451 0.00629318
1400 0.157445 0.665825 71.6448 54.6609 0 0.000883442 -0.0295161 0.0532982 0 -0.0497537 0.00603014
1500 0.153426 0.660508 71.5322 54.7489 0 0.000888411 -0.034087 0.0620087 0 -0.0523815 0.00601619
1600 0.15026 0.655151 71.3305 55.0416 0 0.000887749 -0.0346863 0.0612567 0 -0.0527405 0.00555626
1700 0.146797 0.656788 71.2412 54.934 0 0.000888253 -0.0259244 0.0603458 0 -0.0517303 0.00563577
1800 0.143295 0.654228 71.1519 55.0417 0 0.000887786 -0.00792798 0.0628824 0 -0.0525578 0.00582658
1900 0.140763 0.652768 71.1542 54.7359 0 0.000900103 0.00224333 0.0714948 0 -0.0532956 0.00589539
2000 0.139405 0.648266 71.0772 54.7788 0 0.000902731 -0.0119222 0.0667474 0 -0.0528389 0.00578635
2100 0.137632 0.648415 70.9993 54.6247 0 0.000899888 -0.00213835 0.0638277 0 -0.0523899 0.00587574
2200 0.136191 0.650287 71.0096 54.3732 0 0.000898904 0.0100142 0.0693788 0 -0.0519307 0.00595777
2300 0.134652 0.654154 70.9295 54.2291 0 0.000900347 0.0297494 0.0669048 0 -0.0503006 0.0058527
2400 0.133453 0.652433 70.9068 54.1825 0 0.000904559 0.0361702 0.0678057 0 -0.0499216 0.0060243
2500 0.132379 0.65018 70.9145 54.3011 0 0.000908498 0.0236409 0.0597949 0 -0.0507022 0.00604261
2600 0.132014 0.647011 70.9077 54.3131 0 0.00091074 0.0264608 0.0588603 0 -0.0513471 0.00611947
2700 0.130332 0.644403 70.7737 54.3435 0 0.000913842 0.0100196 0.0577753 0 -0.0513916 0.00606451
2800 0.129756 0.641248 70.806 54.2178 0 0.000928121 0.00461484 0.0536091 0 -0.0525184 0.00609024
2900 0.129554 0.638941 70.8222 54.1577 0 0.000933704 0.0131144 0.047337 0 -0.0534513 0.00616972
3000 0.129047 0.638969 70.7997 53.9971 0 0.000931886 0.00928661 0.0475282 0 -0.0530896 0.00618618
3100 0.128818 0.635048 70.7924 54.0709 0 0.000941858 0.0125413 0.0495547 0 -0.0535481 0.00619385
3200 0.128491 0.632569 70.7968 54.1025 0 0.000943136 0.00848024 0.0475291 0 -0.05388 0.00624529
3300 0.12876 0.62817 70.7882 54.181 0 0.000941699 0.0111156 0.0536307 0 -0.0556117 0.0061789
3400 0.128676 0.625511 70.7686 53.9836 0 0.000946483 0.013337 0.0562493 0 -0.0560792 0.00617656
3500 0.128493 0.625078 70.7415 54.0906 0 0.000946143 0.0210136 0.0547633 0 -0.0557728 0.00628179
3600 0.128523 0.623193 70.7483 53.8926 0 0.000952531 0.0253746 0.0501739 0 -0.0562605 0.00633813
3700 0.128423 0.621232 70.7066 53.9917 0 0.000953912 0.0226077 0.0576642 0 -0.0563775 0.00632896
3800 0.12868 0.622362 70.7066 53.9422 0 0.000953714 0.0276094 0.0580521 0 -0.0558179 0.00645087
3900 0.128445 0.617784 70.6544 53.8756 0 0.000961405 0.0340764 0.0499964 0 -0.057227 0.00633517
4000 0.128183 0.616446 70.5417 54.0097 0 0.000964227 0.0315462 0.0469762 0 -0.0554058 0.00626737
4100 0.127993 0.61569 70.53 53.9275 0 0.000965215 0.0240246 0.0473573 0 -0.0545654 0.00634175
4200 0.127913 0.614354 70.5334 53.6974 0 0.000965754 0.0306003 0.0493995 0 -0.0541169 0.00644642
4300 0.128245 0.610698 70.4079 54.042 0 0.000969787 0.0305673 0.0501786 0 -0.053931 0.00636203
4400 0.128118 0.607921 70.3186 53.783 0 0.000967756 0.038852 0.0478608 0 -0.0537391 0.00623053
4500 0.128138 0.608703 70.3416 53.8357 0 0.000971677 0.0364369 0.0428236 0 -0.0529056 0.00638274
4600 0.128736 0.606129 70.3316 53.9651 0 0.000976873 0.0398686 0.0487536 0 -0.0529056 0.00638274
4700 0.129056 0.602506 70.3018 53.7995 0 0.000987396 0.0343318 0.047627 0 -0.0531318 0.00636317
4800 0.12882 0.601901 70.2522 53.7796 0 0.000986818 0.0357126 0.0490679 0 -0.0533073 0.00624913
4900 0.129316 0.599628 70.2677 53.689 0 0.000988891 0.0255293 0.0548378 0 -0.0536475 0.00635807
5000 0.128831 0.596699 70.2343 53.8432 0 0.000990706 0.028125 0.0637727 0 -0.0529722 0.00643835
5100 0.128908 0.596984 70.2691 53.7496 0 0.000995043 0.0285936 0.0668623 0 -0.0522245 0.00648714
5200 0.129408 0.595997 70.2982 53.545 0 0.0010031 0.0171932 0.0634094 0 -0.0518571 0.00648833
5300 0.129019 0.598365 70.2767 53.3809 0 0.00100184 0.0352509 0.0615255 0 -0.0508416 0.00658906
5400 0.128653 0.59664 70.2521 53.3024 0 0.00100318 0.0541172 0.0602235 0 -0.0511361 0.00656085
5500 0.128927 0.593341 70.2406 53.3002 0 0.000999801 0.0592264 0.0673303 0 -0.051489 0.00657888
5600 0.129253 0.589199 70.2477 53.4221 0 0.00100137 0.060314 0.0609754 0 -0.051902 0.00655977
5700 0.129419 0.586919 70.2716 53.2799 0 0.00100208 0.0465184 0.0707546 0 -0.0519059 0.00661457
5800 0.128793 0.58668 70.3049 53.1549 0 0.00100036 0.0415911 0.074533 0 -0.0520137 0.00672723
5900 0.128978 0.582499 70.3098 52.9768 0 0.00100709 0.0444843 0.0762973 0 -0.0531135 0.00667398
6000 0.128378 0.582127 70.2152 52.9173 0 0.00101122 0.0459049 0.0771664 0 -0.0518345 0.00660202
6100 0.128136 0.582621 70.2038 52.9968 0 0.00102252 0.0388929 0.074701 0 -0.0513508 0.00667584
6200 0.128329 0.581921 70.1761 52.9461 0 0.00101704 0.0426079 0.0788472 0 -0.0509763 0.00665647
6300 0.128847 0.580459 70.1565 52.893 0 0.00102009 0.0471005 0.0795313 0 -0.0507776 0.00669316
6400 0.128974 0.575284 70.1209 52.8317 0 0.00102183 0.0393527 0.0790037 0 -0.0512922 0.00671171
6500 0.128867 0.574217 70.1442 52.7504 0 0.00102823 0.0389402 0.0816368 0 -0.0512415 0.00675156
6600 0.129135 0.575204 70.1272 52.6388 0 0.00103583 0.046783 0.0905429 0 -0.050356 0.0067684
6700 0.129353 0.573763 70.1256 52.5446 0 0.00103844 0.0597386 0.0903726 0 -0.050167 0.00681432
6800 0.129492 0.571392 70.0887 52.5747 0 0.00103699 0.0460336 0.0910837 0 -0.0501968 0.00680468
6900 0.12953 0.568448 70.1177 52.484 0 0.00104053 0.0406059 0.0845193 0 -0.050849 0.0068303
7000 0.129636 0.567662 70.0626 52.5405 0 0.00103994 0.0506754 0.0821266 0 -0.050223 0.00678784
7100 0.129605 0.56566 70.0289 52.4047 0 0.00104604 0.0637885 0.0793138 0 -0.0503865 0.00677344
7200 0.130061 0.561805 69.9719 52.5032 0 0.00105412 0.0585103 0.0756015 0 -0.0508965 0.00669107
7300 0.130246 0.557016 69.8944 52.7309 0 0.00105871 0.0662226 0.0800378 0 -0.0510137 0.00651789
7400 0.130323 0.554865 69.8598 52.5595 0 0.00106718 0.0702565 0.0776015 0 -0.050807 0.00647458
7500 0.130557 0.55288 69.825 52.5388 0 0.00106832 0.0810702 0.0718503 0 -0.0507381 0.00652185
7600 0.131038 0.550761 69.7663 52.5387 0 0.00107179 0.0892551 0.0667277 0 -0.050536 0.00646009
7700 0.131183 0.555821 69.855 52.2837 0 0.00107422 0.0851586 0.0691084 0 -0.0491277 0.00664982
7800 0.130664 0.55513 69.8075 52.0326 0 0.00108973 0.0883678 0.064039 0 -0.0481588 0.00657078
7900 0.131129 0.552323 69.7673 52.0697 0 0.00109061 0.0922963 0.0678508 0 -0.0479621 0.00657005
8000 0.131127 0.550654 69.7728 52.016 0 0.00109562 0.089593 0.068597 0 -0.0477938 0.00657009
8100 0.131632 0.548408 69.762 52.0557 0 0.00110246 0.0844164 0.0677901 0 -0.0474645 0.0066337
8200 0.131736 0.547397 69.8001 51.9424 0 0.00110686 0.0778318 0.0676951 0 -0.0477243 0.00669182
8300 0.131091 0.551006 69.7563 52.0055 0 0.00111024 0.0764909 0.0683509 0 -0.0461966 0.006721
8400 0.131235 0.547903 69.6987 51.9216 0 0.00111487 0.0808621 0.074435 0 -0.0464731 0.00673736
8500 0.131006 0.543951 69.6922 51.9653 0 0.00110972 0.0908525 0.073888 0 -0.0468249 0.0067306
8600 0.130649 0.542219 69.7321 51.8224 0 0.00111427 0.0908946 0.0629521 0 -0.0471386 0.00671683
8700 0.130525 0.53949 69.727 51.9227 0 0.00111732 0.0808404 0.0681881 0 -0.0472731 0.00657865
8800 0.130695 0.539102 69.74 51.6982 0 0.00111479 0.0787308 0.0648587 0 -0.0471142 0.00658771
8900 0.13088 0.536561 69.7161 51.7645 0 0.00111566 0.0750702 0.0658224 0 -0.0471142 0.00658771
9000 0.131383 0.53736 69.7203 51.7213 0 0.00112024 0.0801246 0.0601405 0 -0.0463877 0.00669688
9100 0.131336 0.535792 69.7289 51.5856 0 0.00112415 0.0772357 0.0658113 0 -0.046526 0.00667452
9200 0.131657 0.533429 69.7256 51.6593 0 0.00112898 0.0850838 0.067573 0 -0.046526 0.00667452
9300 0.132057 0.530374 69.6851 51.6611 0 0.00113445 0.0758941 0.0645324 0 -0.046526 0.00667452
9400 0.132013 0.528294 69.6859 51.656 0 0.00113738 0.0748941 0.066753 0 -0.046526 0.00667452
9500 0.132404 0.526093 69.6826 51.6547 0 0.00113833 0.0530001 0.0640904 0 -0.0464083 0.0066689
9600 0.132769 0.521042 69.6765 51.6848 0 0.00114679 0.0553096 0.0605759 0 -0.0466636 0.00667637
9700 0.133046 0.520454 69.693 51.7089 0 0.00115725 0.0635583 0.0654941 0 -0.0463132 0.00669952
9800 0.133243 0.517807 69.6633 51.6485 0 0.00115502 0.0509844 0.0627381 0 -0.0463471 0.00677638
9900 0.13361 0.514908 69.6026 51.7087 0 0.00115721 0.0529228 0.0697928 0 -0.0463897 0.00665166
10000 0.132907 0.514857 69.6014 51.5586 0 0.00116405 0.0526387 0.0652935 0 -0.0466526 0.00664515
10100 0.132958 0.511244 69.5696 51.4253 0 0.00116891 0.0731006 0.0657039 0 -0.047095 0.00654748
10200 0.133577 0.507147 69.5405 51.6409 0 0.00117627 0.0741306 0.0704287 0 -0.047095 0.00654748
10300 0.134311 0.503778 69.5311 51.5916 0 0.00117969 0.0754896 0.070551 0 -0.047095 0.00654748
10400 0.134497 0.504026 69.5386 51.4772 0 0.00118247 0.0709812 0.0677577 0 -0.0467345 0.00654917
10500 0.134866 0.502304 69.5341 51.3553 0 0.00119107 0.0906261 0.0641078 0 -0.0464395 0.00655322
10600 0.135612 0.49961 69.5102 51.3033 0 0.00119552 0.0964946 0.065974 0 -0.0464395 0.00655322
10700 0.135276 0.499466 69.5633 51.3927 0 0.00119382 0.0967145 0.0677227 0 -0.0469038 0.0065812
10800 0.135453 0.497383 69.5485 51.3192 0 0.00119589 0.0913092 0.0647602 0 -0.0466947 0.00652689
10900 0.135198 0.496235 69.5164 51.425 0 0.00119946 0.084972 0.0652175 0 -0.0470065 0.00655365
11000 0.135138 0.495167 69.4989 51.2453 0 0.0011998 0.084687 0.0651681 0 -0.0465978 0.00658791
11100 0.13535 0.494548 69.4842 51.2418 0 0.00120366 0.0890483 0.0650456 0 -0.0460698 0.0066087
11200 0.13557 0.491934 69.4465 51.3378 0 0.00121564 0.0795316 0.0727928 0 -0.0459107 0.00661135
11300 0.135628 0.488403 69.4455 51.1718 0 0.00122482 0.075022 0.0731254 0 -0.0463053 0.00665201
11400 0.135833 0.488601 69.3858 51.201 0 0.00122748 0.0791754 0.0713354 0 -0.0461672 0.00662015
11500 0.135598 0.486007 69.3396 51.2185 0 0.00123242 0.104782 0.0734264 0 -0.0461789 0.00662096
11600 0.136012 0.484632 69.3214 51.3039 0 0.00123672 0.0961244 0.0704854 0 -0.0461789 0.00662096
11700 0.135954 0.487038 69.3196 51.1142 0 0.00123825 0.098876 0.0772653 0 -0.0448639 0.00662817
11800 0.1363 0.485006 69.3296 51.1281 0 0.00125123 0.103274 0.0778266 0 -0.0448639 0.00662817
11900 0.136351 0.479973 69.2934 51.1568 0 0.00125448 0.110383 0.0806978 0 -0.0457412 0.00643013
12000 0.136766 0.476668 69.2635 51.1156 0 0.00126043 0.107033 0.0725147 0 -0.0457412 0.00643013
12100 0.136829 0.478901 69.2393 51.1758 0 0.00126242 0.101278 0.0712387 0 -0.0449957 0.00655959
12200 0.136491 0.478075 69.1878 51.128 0 0.00126837 0.102994 0.0755208 0 -0.0448387 0.00652455
12300 0.136349 0.474858 69.1838 51.1473 0 0.00126615 0.101893 0.0766511 0 -0.0445342 0.0066042
12400 0.13704 0.472714 69.1535 51.0949 0 0.00127843 0.0961692 0.0704097 0 -0.0441985 0.00655724
12500 0.137043 0.471453 69.1233 51.0643 0 0.00128765 0.0989956 0.0711102 0 -0.0440284 0.00655243
12600 0.137077 0.470332 69.1145 51.0672 0 0.00129991 0.0963331 0.0743891 0 -0.0440567 0.00654274
12700 0.137409 0.467573 69.1354 51.0054 0 0.00130968 0.104511 0.0719363 0 -0.0441929 0.00661715
12800 0.136704 0.465489 69.1511 50.991 0 0.00131698 0.101218 0.0698534 0 -0.0441397 0.00661766
12900 0.136766 0.468528 69.1871 50.8502 0 0.00131905 0.10997 0.0720497 0 -0.0435735 0.0066911
13000 0.137052 0.469841 69.185 50.6609 0 0.00131946 0.107396 0.0723447 0 -0.0433026 0.00673914
13100 0.137076 0.468307 69.221 50.7569 0 0.00132616 0.109306 0.0692305 0 -0.0435301 0.00683581
13200 0.136927 0.467823 69.2418 50.6781 0 0.00134032 0.0999424 0.0673181 0 -0.0428058 0.00687041
13300 0.137042 0.468161 69.168 50.691 0 0.00134462 0.0955348 0.0604428 0 -0.0420853 0.00683708
13400 0.137157 0.465204 69.1464 50.6576 0 0.00134556 0.0970157 0.0562377 0 -0.0423254 0.00685341
13500 0.136963 0.465028 69.1079 50.6517 0 0.00135154 0.0993546 0.0560042 0 -0.0418261 0.00682056
13600 0.136957 0.462582 69.0988 50.6243 0 0.00135433 0.0982194 0.0549911 0 -0.0415501 0.00677751
13700 0.136876 0.460727 69.1389 50.4649 0 0.00135379 0.098366 0.0563685 0 -0.0416891 0.00685933
13800 0.136845 0.460758 69.1674 50.4057 0 0.00135952 0.0886102 0.0540458 0 -0.0415544 0.00690298
13900 0.136804 0.461283 69.1893 50.3642 0 0.00136351 0.0877139 0.0536346 0 -0.0409829 0.00693698
14000 0.136927 0.459975 69.1839 50.2627 0 0.00136764 0.0880346 0.0559877 0 -0.0406608 0.00693338
14100 0.136688 0.459982 69.1632 50.2609 0 0.00136834 0.0854407 0.0507977 0 -0.0398929 0.00699569
14200 0.136303 0.460761 69.1337 50.2233 0 0.00137228 0.0701655 0.0492104 0 -0.0391099 0.00705936
14300 0.136303 0.459006 69.1314 50.1958 0 0.00137664 0.0677344 0.0413878 0 -0.0388701 0.0070908
14400 0.136666 0.456188 69.1142 50.1742 0 0.00138223 0.0657152 0.0392775 0 -0.038812 0.0070984
14500 0.136754 0.453928 69.11 50.1707 0 0.00138804 0.063872 0.0437972 0 -0.0388054 0.00710096
14600 0.136656 0.452938 69.1227 50.0916 0 0.00139352 0.0615376 0.0460789 0 -0.0388204 0.00711511
14700 0.136862 0.452142 69.1323 50.0739 0 0.00139786 0.0743213 0.0453951 0 -0.0386937 0.00713085
14800 0.137117 0.451375 69.1213 50.0361 0 0.00140344 0.0870168 0.0434607 0 -0.0384528 0.0071427
14900 0.137257 0.449528 69.1026 50.0317 0 0.00140732 0.0955281 0.0425569 0 -0.038588 0.00710622
15000 0.137263 0.447278 69.0977 50.0174 0 0.00141236 0.103663 0.0362907 0 -0.0383712 0.00710619
15100 0.137118 0.445857 69.0777 49.9785 0 0.0014137 0.115559 0.0283315 0 -0.0381004 0.00712782
15200 0.137244 0.444077 69.0692 49.9992 0 0.0014191 0.123512 0.0185949 0 -0.0380221 0.00713624
15300 0.137574 0.442152 69.0828 49.9597 0 0.00142451 0.136696 0.0160145 0 -0.037994 0.00713926
15400 0.137687 0.44044 69.1187 49.94 0 0.00143383 0.142497 0.0190586 0 -0.0382808 0.00718357
15500 0.137772 0.438367 69.177 49.8834 0 0.00144437 0.148787 0.0215636 0 -0.0386846 0.00723392
15600 0.137798 0.436255 69.2179 49.8482 0 0.00144742 0.153429 0.0217978 0 -0.038941 0.00728395
15700 0.137864 0.434512 69.233 49.8479 0 0.00145236 0.162478 0.0216175 0 -0.0388981 0.00732671
15800 0.13813 0.433482 69.2391 49.7889 0 0.00145992 0.166085 0.0231782 0 -0.038359 0.00737281
15900 0.138304 0.431839 69.2446 49.7639 0 0.00146625 0.171139 0.0233118 0 -0.0380487 0.00740799
16000 0.138654 0.430092 69.2368 49.7551 0 0.00147452 0.173627 0.0220756 0 -0.0376618 0.00743287
16100 0.138884 0.428565 69.2048 49.6874 0 0.00148501 0.172874 0.0217007 0 -0.0371503 0.00745677
16200 0.138601 0.428303 69.1743 49.6412 0 0.00149304 0.168974 0.0227578 0 -0.0364866 0.00744201
16300 0.138228 0.427162 69.1857 49.5906 0 0.00149549 0.169605 0.021118 0 -0.0361969 0.00749033
16400 0.1379 0.427064 69.184 49.5282 0 0.00149578 0.169006 0.0182254 0 -0.0357223 0.00748627
16500 0.137673 0.426842 69.15 49.4963 0 0.00149904 0.166688 0.0195904 0 -0.0353277 0.00746967
16600 0.137715 0.424723 69.1357 49.5157 0 0.00150695 0.172655 0.0190413 0 -0.0351446 0.00746187
16700 0.137878 0.422032 69.1379 49.4692 0 0.00151667 0.175101 0.0161222 0 -0.0350586 0.00745818
16800 0.138074 0.419646 69.1486 49.4633 0 0.00152814 0.176545 0.012879 0 -0.0350177 0.00745641
16900 0.138309 0.417455 69.1538 49.4589 0 0.00153908 0.179932 0.0117391 0 -0.0349979 0.00745556
17000 0.138018 0.416652 69.147 49.4237 0 0.00154743 0.177867 0.012666 0 -0.0347996 0.00745255
17100 0.137843 0.415904 69.1299 49.3777 0 0.00155775 0.177038 0.0139938 0 -0.0342834 0.00743247
17200 0.137896 0.415117 69.1266 49.3401 0 0.00156798 0.176932 0.0152659 0 -0.0338503 0.00742617
17300 0.138165 0.41412 69.1284 49.3258 0 0.00157478 0.170516 0.0181023 0 -0.0333468 0.00743421
17400 0.1384 0.413513 69.143 49.2894 0 0.00158278 0.169907 0.0182555 0 -0.0328124 0.00744831
17500 0.138608 0.413426 69.1372 49.2643 0 0.00159257 0.17178 0.0174618 0 -0.032173 0.00745121
17600 0.138442 0.414227 69.0843 49.1996 0 0.00160171 0.173032 0.0144722 0 -0.0314647 0.00743952
17700 0.138322 0.413755 69.0617 49.162 0 0.00161249 0.17864 0.0126804 0 -0.031079 0.00743399
17800 0.138241 0.414019 69.0444 49.0943 0 0.00161992 0.184081 0.0137004 0 -0.0306585 0.00746291
17900 0.138216 0.413738 69.0175 49.0391 0 0.00162656 0.189868 0.0148789 0 -0.0305149 0.00746359
18000 0.138081 0.413554 69.0023 48.9915 0 0.00163406 0.193906 0.0156385 0 -0.0303897 0.00747402
18100 0.138053 0.413246 68.9945 48.9344 0 0.00164169 0.19306 0.0159787 0 -0.0303375 0.0075001
18200 0.138011 0.412041 68.9874 48.9105 0 0.00165053 0.192026 0.0164598 0 -0.030359 0.00751199
18300 0.138231 0.410256 68.9804 48.8886 0 0.00165672 0.192235 0.0155397 0 -0.0303709 0.00751849
18400 0.138637 0.408094 68.978 48.878 0 0.00166723 0.192764 0.0159739 0 -0.0303774 0.00752208
18500 0.139074 0.4061 68.9728 48.888 0 0.00167426 0.193315 0.0161168 0 -0.030381 0.00752407
18600 0.139398 0.404245 68.9637 48.8988 0 0.00167953 0.195052 0.0142256 0 -0.0304088 0.00752552
18700 0.139529 0.402727 68.951 48.8568 0 0.00168809 0.199106 0.0122997 0 -0.0303312 0.00752545
18800 0.139429 0.400907 68.9281 48.8431 0 0.0016977 0.206075 0.0078803 0 -0.0304067 0.00750406
18900 0.139171 0.397883 68.9097 48.8577 0 0.00170811 0.211559 0.00339859 0 -0.0307209 0.00748433
19000 0.139098 0.395322 68.8952 48.875 0 0.00171904 0.218381 0.000639694 0 -0.0309124 0.00747209
19100 0.13901 0.393146 68.8973 48.9026 0 0.00173168 0.224254 -0.000351972 0 -0.0310977 0.00748113
19200 0.138961 0.390832 68.9021 48.9046 0 0.00174423 0.227453 -0.00293729 0 -0.0312107 0.00748946
19300 0.138904 0.388988 68.9227 48.8858 0 0.00175766 0.230587 -0.00611435 0 -0.0310946 0.00755358
19400 0.138905 0.387413 68.925 48.8872 0 0.00176925 0.234096 -0.00871294 0 -0.0309464 0.00759484
19500 0.139031 0.385439 68.9138 48.9002 0 0.00177764 0.241373 -0.00985557 0 -0.0310354 0.00759774
19600 0.139332 0.383425 68.9047 48.8783 0 0.00178685 0.250356 -0.0110858 0 -0.0311277 0.00759664
19700 0.139485 0.381409 68.9096 48.8552 0 0.00179831 0.257176 -0.0119142 0 -0.0311847 0.00759471
19800 0.139563 0.379037 68.9031 48.8673 0 0.00180954 0.263506 -0.0103704 0 -0.0312878 0.00755758
19900 0.139659 0.377328 68.8985 48.86 0 0.00181937 0.268453 -0.00695067 0 -0.0312167 0.00754609
20000 0.139797 0.375206 68.9033 48.869 0 0.00183111 0.270099 -0.00390044 0 -0.0312151 0.00752592
