iter Noise PMean PVar TauMean TauVar KsiMean KsiVar Delta#1 Beta#1 S#1 NuMean NuVar
0 34.6169 1.95136 0.000927085 68.004 0.0262359 0.00106715 0.00132105 -0.00722507 0.0567824 0
100 12.7362 1.95259 0.000966522 67.7325 5.37492 0.00100506 0.00132953 -0.0216981 0.0459123 0
200 5.14404 1.95135 0.00109388 67.8374 17.295 0.000993581 0.0013378 -0.0266597 0.0465286 0
300 2.26898 1.95014 0.00113394 67.9197 28.0095 0.000868261 0.00134175 -0.0492364 0.0386514 0
400 1.04124 1.94798 0.00122854 67.9309 35.4238 0.000658832 0.00133171 -0.0498492 0.0433908 0
500 0.530068 1.94686 0.00127663 67.8493 39.777 0.000326845 0.00132461 -0.0341704 0.0523352 0
600 0.341998 1.94516 0.00137173 67.7779 42.9792 -0.000240909 0.00132602 -0.0481748 0.0686191 0
700 0.293776 1.9448 0.00141257 67.7204 44.9899 -0.000902163 0.0013286 -0.0480482 0.069228 0
800 0.281726 1.94409 0.0014519 67.6965 45.7612 -0.00144297 0.00132491 -0.0643471 0.0738302 0
900 0.273958 1.94444 0.00150547 67.6896 45.7662 -0.00211387 0.00132434 -0.0710675 0.0792504 0
1000 0.264121 1.94471 0.00156652 67.6825 45.7093 -0.00257061 0.00132338 -0.0756353 0.0895967 0
1100 0.255312 1.94432 0.0016207 67.7007 45.689 -0.00310965 0.00132762 -0.0887355 0.0817705 0
1200 0.246011 1.94455 0.00167538 67.685 45.7642 -0.00389418 0.00133348 -0.0904145 0.0864656 0
1300 0.239381 1.9447 0.00173322 67.674 45.6873 -0.00458067 0.00133387 -0.100006 0.0862255 0
1400 0.233544 1.94507 0.0017392 67.6683 45.7098 -0.0051015 0.00134248 -0.11771 0.0949771 0
1500 0.227905 1.94619 0.00184369 67.6546 45.7759 -0.00587733 0.00135173 -0.120983 0.0960262 0
1600 0.224359 1.94667 0.00193778 67.6547 45.7653 -0.00661552 0.00134833 -0.120065 0.091019 0
1700 0.221551 1.94754 0.00204884 67.6306 45.7318 -0.00730186 0.00135481 -0.104163 0.0871985 0
1800 0.217624 1.94682 0.00211248 67.6435 45.7358 -0.007939 0.00134907 -0.108453 0.0876868 0
1900 0.212901 1.94729 0.00220924 67.6263 45.731 -0.00858752 0.00136172 -0.0881467 0.0804729 0
2000 0.208858 1.94768 0.00232829 67.6076 45.7549 -0.00934399 0.00137795 -0.0964512 0.0799102 0
2100 0.205396 1.9476 0.00243936 67.605 45.7544 -0.00996986 0.00138173 -0.0942608 0.0839867 0
2200 0.203401 1.94803 0.00252899 67.5982 45.7162 -0.0107523 0.00138164 -0.0932453 0.0695477 0
2300 0.200884 1.94735 0.0026195 67.5999 45.7329 -0.0114294 0.00139313 -0.0902017 0.0644381 0
2400 0.199058 1.94746 0.00273616 67.6038 45.7738 -0.0122479 0.0013948 -0.113699 0.0624131 0
2500 0.198018 1.94775 0.00289762 67.602 45.7616 -0.0130238 0.00139674 -0.104313 0.0535077 0
2600 0.197045 1.94788 0.00295989 67.6071 45.7498 -0.0137097 0.00139932 -0.103366 0.0434853 0
2700 0.196176 1.94806 0.00307721 67.5896 45.7587 -0.0143951 0.00141475 -0.104643 0.0434082 0
2800 0.1934 1.94822 0.00323979 67.5993 45.7639 -0.0151886 0.0014294 -0.119283 0.0391601 0
2900 0.19106 1.94896 0.00342971 67.5955 45.6919 -0.0158836 0.00143652 -0.110386 0.0455079 0
3000 0.190601 1.94883 0.00355278 67.5716 45.7644 -0.016811 0.00143994 -0.0973237 0.0408521 0
3100 0.190795 1.94905 0.00368328 67.5538 45.7062 -0.0174809 0.00145006 -0.1218 0.0436924 0
3200 0.190165 1.9493 0.00385409 67.5385 45.7622 -0.0182615 0.0014545 -0.132048 0.0387877 0
3300 0.189507 1.94974 0.00392853 67.5394 45.7899 -0.0189636 0.00146967 -0.112013 0.0395094 0
3400 0.187826 1.94977 0.00411524 67.5334 45.7464 -0.0197351 0.00147882 -0.109082 0.0250013 0
3500 0.187283 1.95008 0.00431224 67.5306 45.7566 -0.0204494 0.00148829 -0.107214 0.0258607 0
3600 0.186988 1.95095 0.00453122 67.5108 45.7764 -0.0211716 0.00150197 -0.0840829 0.034516 0
3700 0.186626 1.95126 0.00463138 67.5117 45.7563 -0.0218879 0.00149965 -0.0637258 0.0386822 0
3800 0.185905 1.95155 0.00482708 67.5067 45.7338 -0.0225036 0.00151198 -0.0763113 0.0465801 0
3900 0.18584 1.9512 0.00495623 67.5071 45.803 -0.02318 0.0015182 -0.083559 0.0319633 0
4000 0.186079 1.95124 0.00505704 67.5031 45.7405 -0.0238898 0.00152658 -0.0877382 0.0402264 0
4100 0.1854 1.95131 0.00528041 67.5009 45.7801 -0.0244302 0.00153803 -0.0886354 0.041691 0
4200 0.185452 1.95164 0.00544779 67.4771 45.7721 -0.0251333 0.00155025 -0.0877308 0.0429603 0
4300 0.185308 1.95135 0.00562958 67.4752 45.7257 -0.0259284 0.00156503 -0.0996795 0.036999 0
4400 0.185122 1.95213 0.00573227 67.445 45.7829 -0.0265868 0.00158167 -0.0872146 0.0524888 0
4500 0.185136 1.95293 0.00593979 67.4373 45.7479 -0.0272419 0.00159187 -0.0683075 0.0563368 0
4600 0.184711 1.95291 0.00611668 67.4261 45.7501 -0.0280123 0.00160752 -0.073612 0.0727161 0
4700 0.183229 1.95233 0.00638052 67.44 45.7364 -0.0287307 0.00161765 -0.0756073 0.075268 0
4800 0.183332 1.95302 0.00655151 67.4427 45.7457 -0.0294033 0.00162754 -0.0830926 0.0752314 0
4900 0.18313 1.95313 0.006747 67.4364 45.7856 -0.0301151 0.001637 -0.0890411 0.0738846 0
5000 0.182399 1.95331 0.0069467 67.4443 45.7688 -0.0307198 0.00164949 -0.0753876 0.0855733 0
5100 0.182113 1.95326 0.00710574 67.4525 45.7159 -0.0315011 0.00165908 -0.0869957 0.0868882 0
5200 0.182156 1.95357 0.00735467 67.4363 45.7385 -0.0321381 0.00166714 -0.0899519 0.0852238 0
5300 0.181659 1.95374 0.00751002 67.4228 45.7434 -0.0328746 0.00166873 -0.0775561 0.0881363 0
5400 0.182089 1.95423 0.00779087 67.4038 45.7635 -0.0337387 0.00168457 -0.0642561 0.102489 0
5500 0.181351 1.9549 0.00802574 67.4174 45.7262 -0.0344477 0.00169812 -0.0777813 0.098347 0
5600 0.181014 1.95572 0.00815694 67.4039 45.7561 -0.0352546 0.00171235 -0.0915177 0.0863689 0
5700 0.181128 1.95622 0.00839917 67.3995 45.7544 -0.0359818 0.00172528 -0.109307 0.0898427 0
5800 0.180602 1.9568 0.0085323 67.3787 45.7298 -0.0367447 0.00174249 -0.0933058 0.0777029 0
5900 0.180979 1.95777 0.00878039 67.3693 45.7538 -0.0372638 0.00176257 -0.0774897 0.0633043 0
6000 0.180733 1.95778 0.00898157 67.3666 45.696 -0.0378949 0.00177698 -0.0788833 0.057148 0
6100 0.181588 1.95783 0.00926811 67.3591 45.7535 -0.0384686 0.00178469 -0.0857307 0.0556541 0
6200 0.180938 1.95834 0.0095181 67.3667 45.7206 -0.0391955 0.00179845 -0.0922379 0.0626406 0
6300 0.180791 1.95883 0.00975447 67.3425 45.783 -0.0398991 0.00181583 -0.0925643 0.0555945 0
6400 0.180794 1.959 0.0100727 67.3429 45.7426 -0.0404543 0.00183291 -0.0990838 0.064345 0
6500 0.180052 1.95953 0.010332 67.3373 45.7536 -0.0412352 0.00184686 -0.0935753 0.0660606 0
6600 0.179535 1.95984 0.0105025 67.3391 45.7411 -0.0419908 0.00185724 -0.0729306 0.0726502 0
6700 0.178205 1.95993 0.0109181 67.3288 45.8042 -0.042601 0.00188135 -0.0764514 0.085014 0
6800 0.177538 1.95968 0.0113124 67.3258 45.7707 -0.0433463 0.00191084 -0.0686348 0.0866013 0
6900 0.177887 1.96012 0.0116528 67.3219 45.7411 -0.0440091 0.0019183 -0.0700526 0.0769357 0
7000 0.178106 1.96066 0.0118802 67.3209 45.7629 -0.0447251 0.00193331 -0.0772724 0.0909061 0
7100 0.178022 1.96085 0.0123185 67.33 45.7338 -0.0453851 0.00195847 -0.0786234 0.103351 0
7200 0.177878 1.96104 0.0127608 67.3284 45.7318 -0.046137 0.00198403 -0.0908688 0.10757 0
7300 0.177191 1.96187 0.0130281 67.3195 45.726 -0.0469059 0.00200124 -0.0649736 0.093353 0
7400 0.176042 1.96312 0.0135212 67.3136 45.7237 -0.047488 0.0020066 -0.0893479 0.0871847 0
7500 0.17593 1.96342 0.0138092 67.3119 45.7321 -0.0482164 0.00201968 -0.0931337 0.0979025 0
7600 0.176316 1.96348 0.0141349 67.2997 45.7203 -0.0488363 0.00203763 -0.10572 0.0991304 0
7700 0.175457 1.96394 0.0145514 67.2969 45.7626 -0.0495008 0.00205975 -0.109837 0.101107 0
7800 0.175329 1.9642 0.0148772 67.2999 45.692 -0.0502426 0.00206967 -0.137047 0.0813721 0
7900 0.174995 1.96447 0.0152692 67.3007 45.7392 -0.0509327 0.00207126 -0.14578 0.0789423 0
8000 0.174672 1.96464 0.0155554 67.2914 45.7362 -0.0516763 0.00208408 -0.144701 0.0667878 0
8100 0.175331 1.96554 0.0158493 67.2952 45.7339 -0.0523876 0.00209488 -0.16384 0.0563005 0
8200 0.176005 1.96576 0.0161503 67.269 45.7806 -0.0531445 0.00210449 -0.161086 0.0631874 0
8300 0.176889 1.96663 0.0166428 67.248 45.738 -0.053697 0.00213223 -0.152349 0.0711437 0
8400 0.175895 1.96699 0.0169607 67.235 45.7047 -0.0545293 0.00215531 -0.143732 0.075307 0
8500 0.174764 1.96731 0.0173736 67.2425 45.7296 -0.0551443 0.00218428 -0.147824 0.090605 0
8600 0.174526 1.96732 0.0176744 67.2612 45.7012 -0.0557585 0.00220974 -0.156712 0.108278 0
8700 0.175323 1.96769 0.0179093 67.2505 45.74 -0.0563765 0.00222217 -0.16271 0.103496 0
8800 0.175421 1.96769 0.0182355 67.2597 45.7282 -0.0570047 0.00224839 -0.164388 0.122099 0
8900 0.175699 1.96744 0.0187346 67.2466 45.7286 -0.0575536 0.00227298 -0.145245 0.123213 0
9000 0.175682 1.96729 0.0189969 67.2655 45.6946 -0.0581457 0.00229195 -0.165281 0.127705 0
9100 0.175004 1.96767 0.0195738 67.2596 45.6762 -0.0587416 0.00230765 -0.168651 0.13993 0
9200 0.17467 1.96791 0.0198886 67.2676 45.6867 -0.0593636 0.00232238 -0.149555 0.140528 0
9300 0.174707 1.9678 0.0202626 67.2665 45.6956 -0.0599598 0.00234037 -0.148324 0.141282 0
9400 0.174997 1.96766 0.0207406 67.2675 45.699 -0.0606476 0.00235286 -0.183902 0.14995 0
9500 0.175073 1.96833 0.0212275 67.2551 45.6854 -0.061262 0.00238127 -0.175528 0.14996 0
9600 0.175188 1.96889 0.0215032 67.2508 45.6723 -0.0619435 0.00240685 -0.205721 0.122861 0
9700 0.175038 1.96993 0.0219869 67.2296 45.6894 -0.062565 0.00242797 -0.197311 0.114462 0
9800 0.175892 1.97051 0.0223103 67.2074 45.7095 -0.063221 0.00244746 -0.208445 0.109996 0
9900 0.176001 1.97118 0.0227417 67.2116 45.6925 -0.0637982 0.00246154 -0.193815 0.102495 0
10000 0.175405 1.97167 0.0233286 67.2059 45.7149 -0.0643786 0.00248847 -0.18543 0.118983 0
10100 0.175596 1.97256 0.0238538 67.1854 45.6499 -0.0648637 0.00250455 -0.201079 0.112242 0
10200 0.175328 1.97265 0.0242903 67.1854 45.6775 -0.0655162 0.00253158 -0.237302 0.101668 0
10300 0.175264 1.97312 0.0244935 67.1907 45.6779 -0.0662344 0.00254933 -0.226525 0.0992339 0
10400 0.175195 1.97346 0.0250218 67.1898 45.6912 -0.0668757 0.0025772 -0.234221 0.104287 0
10500 0.175488 1.97344 0.0254687 67.1797 45.6577 -0.0674006 0.0025949 -0.237406 0.10946 0
10600 0.175662 1.97404 0.0259793 67.1668 45.6742 -0.068034 0.00262978 -0.27333 0.13568 0
10700 0.175415 1.97412 0.0266623 67.1787 45.6667 -0.068813 0.00264947 -0.28425 0.132984 0
10800 0.174733 1.97529 0.0271584 67.1681 45.6984 -0.0694535 0.0026727 -0.274994 0.122807 0
10900 0.174155 1.97558 0.027585 67.1644 45.6577 -0.0700342 0.00268209 -0.294242 0.118332 0
11000 0.174351 1.97564 0.0280364 67.1601 45.5956 -0.0707677 0.00270526 -0.312965 0.110483 0
11100 0.174158 1.97677 0.028559 67.1494 45.6606 -0.0713738 0.00272524 -0.303892 0.118289 0
11200 0.174488 1.97724 0.0286802 67.1448 45.6035 -0.0719243 0.00275088 -0.320724 0.120628 0
11300 0.174846 1.97783 0.0290477 67.1337 45.6403 -0.0726242 0.00277275 -0.338834 0.144709 0
11400 0.174644 1.97808 0.029442 67.1399 45.6592 -0.0733 0.00279606 -0.342858 0.149939 0
11500 0.174369 1.97807 0.0300348 67.1379 45.678 -0.0739138 0.00281717 -0.35152 0.149736 0
11600 0.174582 1.97824 0.0303329 67.1506 45.6442 -0.0744321 0.00284014 -0.342958 0.134184 0
11700 0.174519 1.97862 0.0306479 67.1488 45.6784 -0.0749852 0.00285793 -0.362524 0.135021 0
11800 0.174751 1.97855 0.0310653 67.1502 45.67 -0.0755124 0.00288651 -0.372651 0.134958 0
11900 0.175212 1.97856 0.0314689 67.1442 45.6546 -0.0760204 0.002908 -0.376529 0.128935 0
12000 0.175504 1.97877 0.0316407 67.1389 45.6566 -0.0765114 0.00293305 -0.368502 0.12237 0
12100 0.175861 1.97909 0.0320666 67.1328 45.6423 -0.0770687 0.00296346 -0.367852 0.12112 0
12200 0.175452 1.97938 0.0326054 67.1419 45.642 -0.0776898 0.00299 -0.362579 0.131248 0
12300 0.175183 1.98011 0.0330491 67.1347 45.6199 -0.0783513 0.0030086 -0.369458 0.149498 0
12400 0.175523 1.98068 0.0334588 67.1336 45.6324 -0.078955 0.0030353 -0.369178 0.164923 0
12500 0.175446 1.98126 0.0339171 67.1262 45.6249 -0.0794528 0.00305435 -0.361975 0.174723 0
12600 0.175852 1.98176 0.0344588 67.1184 45.6335 -0.0799881 0.00307481 -0.36019 0.182052 0
12700 0.175908 1.98232 0.0348559 67.1091 45.6314 -0.0805043 0.00308977 -0.370161 0.184489 0
12800 0.175948 1.98279 0.0352643 67.0997 45.6241 -0.0810038 0.00311136 -0.376329 0.188626 0
12900 0.175903 1.9829 0.0357971 67.1037 45.6219 -0.0816096 0.00313131 -0.388539 0.186179 0
13000 0.175847 1.98297 0.0361414 67.1103 45.6072 -0.0822051 0.00315619 -0.40237 0.189357 0
13100 0.175931 1.98347 0.036504 67.1169 45.5961 -0.0828137 0.00318063 -0.407865 0.199488 0
13200 0.176104 1.98415 0.0370921 67.1243 45.5903 -0.083247 0.00319891 -0.398905 0.209825 0
13300 0.175769 1.9846 0.0376656 67.1242 45.593 -0.0837068 0.00321813 -0.404733 0.22127 0
13400 0.175776 1.98529 0.0380745 67.1203 45.599 -0.0841741 0.00323952 -0.406445 0.222042 0
13500 0.175884 1.98556 0.0385897 67.1164 45.5914 -0.0846949 0.00326277 -0.40973 0.225516 0
13600 0.175689 1.98619 0.0391457 67.1109 45.5753 -0.0852286 0.00329502 -0.409043 0.232576 0
13700 0.175601 1.98705 0.0396951 67.1083 45.5663 -0.0858494 0.00332403 -0.406903 0.227802 0
13800 0.175589 1.98766 0.0400867 67.1025 45.5661 -0.0864464 0.00335367 -0.403142 0.227733 0
13900 0.175852 1.98782 0.0404742 67.0981 45.5812 -0.0869834 0.00337942 -0.390391 0.230252 0
14000 0.175847 1.98832 0.0409937 67.0935 45.5703 -0.0875115 0.00339963 -0.383238 0.227207 0
14100 0.175786 1.98897 0.0415166 67.0891 45.5669 -0.088048 0.00342271 -0.382128 0.224638 0
14200 0.175565 1.98977 0.042005 67.0874 45.5532 -0.088574 0.00344727 -0.38438 0.224209 0
14300 0.175591 1.99044 0.0425334 67.0798 45.5509 -0.0891255 0.003471 -0.395929 0.226746 0
14400 0.175823 1.99096 0.0431268 67.0788 45.5475 -0.0896566 0.00348807 -0.408995 0.225575 0
14500 0.175738 1.99168 0.0437347 67.0703 45.5566 -0.0902278 0.00350292 -0.413387 0.218356 0
14600 0.175692 1.99241 0.0442253 67.0555 45.5441 -0.090779 0.00351809 -0.424492 0.21427 0
14700 0.175763 1.99294 0.0447583 67.0476 45.5395 -0.0913627 0.00353876 -0.435808 0.21233 0
14800 0.175928 1.99357 0.0453235 67.0417 45.5387 -0.0919445 0.00356043 -0.443326 0.213687 0
14900 0.176012 1.99426 0.045763 67.0335 45.5413 -0.0925468 0.00358651 -0.442187 0.213094 0
15000 0.176223 1.99461 0.0461863 67.0342 45.542 -0.0931407 0.00360972 -0.435356 0.210231 0
15100 0.176618 1.99486 0.0466627 67.0441 45.5531 -0.0936891 0.00363605 -0.434449 0.207707 0
15200 0.176973 1.9952 0.0471637 67.0509 45.5491 -0.0942274 0.00365975 -0.439268 0.209903 0
15300 0.176899 1.99564 0.0476634 67.0565 45.5437 -0.0947484 0.00368453 -0.443241 0.213914 0
15400 0.176947 1.99614 0.0481561 67.0574 45.5441 -0.0952721 0.0037107 -0.444815 0.220966 0
15500 0.176729 1.99657 0.0486202 67.0524 45.5429 -0.0958187 0.00373985 -0.442619 0.224778 0
15600 0.176563 1.9968 0.0490472 67.0472 45.5385 -0.0963848 0.00377015 -0.445136 0.228297 0
15700 0.176554 1.99691 0.0495316 67.0432 45.5315 -0.0969516 0.00379929 -0.441348 0.225084 0
15800 0.176732 1.99704 0.0499819 67.0381 45.5314 -0.0974994 0.00382862 -0.442406 0.218901 0
15900 0.176642 1.99717 0.0504701 67.0293 45.5266 -0.0980532 0.00385877 -0.450869 0.215414 0
16000 0.176584 1.99749 0.0509422 67.019 45.5205 -0.0985612 0.00389017 -0.462302 0.215533 0
16100 0.176639 1.99794 0.0513641 67.0122 45.5142 -0.0990973 0.003923 -0.474412 0.219847 0
16200 0.176719 1.99833 0.0518886 67.0092 45.5088 -0.0996174 0.00395526 -0.492197 0.21917 0
16300 0.176863 1.99891 0.0524628 67.0126 45.5052 -0.100142 0.00398541 -0.51867 0.221615 0
16400 0.176745 1.9995 0.0529209 67.0093 45.4946 -0.100652 0.00401538 -0.540204 0.223207 0
16500 0.17682 1.99993 0.0533016 67.0052 45.5007 -0.101129 0.00404527 -0.547858 0.225074 0
16600 0.176857 2.00027 0.0536127 67.0032 45.5035 -0.10164 0.00407315 -0.548797 0.226289 0
16700 0.176982 2.0005 0.0540679 67.0038 45.4941 -0.102162 0.00409854 -0.545408 0.222932 0
16800 0.176959 2.00093 0.0545914 66.9964 45.4824 -0.102712 0.00412477 -0.547151 0.220701 0
16900 0.176863 2.00142 0.0550778 66.9847 45.4802 -0.103251 0.00415398 -0.549118 0.224099 0
17000 0.176794 2.00198 0.0555888 66.9761 45.4813 -0.10378 0.00418165 -0.547515 0.224108 0
17100 0.176792 2.00253 0.0560645 66.9697 45.481 -0.104301 0.00421647 -0.557663 0.221212 0
17200 0.17667 2.00293 0.0566005 66.9682 45.4777 -0.104833 0.00425077 -0.567401 0.216567 0
17300 0.176687 2.00331 0.0570843 66.9637 45.4757 -0.105339 0.00428709 -0.573546 0.211438 0
17400 0.176802 2.00358 0.057482 66.9598 45.4713 -0.105811 0.00432005 -0.575941 0.214746 0
17500 0.177013 2.00379 0.0578987 66.9601 45.475 -0.106267 0.00435708 -0.577321 0.220828 0
17600 0.177053 2.004 0.0583995 66.9595 45.473 -0.106736 0.00439319 -0.580169 0.22184 0
17700 0.176957 2.0042 0.0589547 66.9569 45.4823 -0.107219 0.00443291 -0.589134 0.216362 0
17800 0.17688 2.00441 0.0594688 66.9561 45.4816 -0.107717 0.00447191 -0.593975 0.210738 0
17900 0.177098 2.00478 0.0599779 66.9533 45.4779 -0.108224 0.00450678 -0.599635 0.205868 0
18000 0.176969 2.00538 0.0605716 66.9488 45.475 -0.108746 0.00454621 -0.608517 0.20694 0
18100 0.176706 2.00593 0.0610212 66.9474 45.4729 -0.109269 0.00458362 -0.615828 0.205983 0
18200 0.176509 2.00659 0.0614523 66.9411 45.4625 -0.109774 0.00461782 -0.617698 0.206964 0
18300 0.176521 2.00715 0.0618846 66.9353 45.4561 -0.110256 0.00464775 -0.62211 0.203589 0
18400 0.176362 2.00758 0.0623568 66.9316 45.4543 -0.110726 0.0046765 -0.626865 0.197508 0
18500 0.176085 2.00807 0.0628252 66.9235 45.4566 -0.111177 0.00470755 -0.624992 0.196634 0
18600 0.175924 2.00851 0.0632551 66.9185 45.4539 -0.111642 0.00473641 -0.616594 0.198719 0
18700 0.176023 2.00907 0.0636743 66.9141 45.453 -0.112095 0.00476468 -0.615466 0.201615 0
18800 0.176218 2.0096 0.0640674 66.9111 45.4539 -0.11254 0.00479455 -0.614296 0.20423 0
18900 0.176113 2.01016 0.064474 66.9085 45.4532 -0.113023 0.00482708 -0.614314 0.204652 0
19000 0.176011 2.01074 0.0648051 66.9006 45.4529 -0.113504 0.00485855 -0.61818 0.204207 0
19100 0.176097 2.01129 0.0651367 66.8911 45.4514 -0.113988 0.00489482 -0.619501 0.20502 0
19200 0.176038 2.01168 0.0654178 66.8829 45.447 -0.114499 0.00493135 -0.624247 0.205593 0
19300 0.175915 2.01199 0.0657377 66.8789 45.4442 -0.115005 0.00496366 -0.622555 0.208533 0
19400 0.175742 2.01241 0.0661757 66.8739 45.4427 -0.115529 0.00499602 -0.624785 0.205922 0
19500 0.175789 2.01297 0.066625 66.8648 45.4357 -0.116057 0.00502567 -0.635964 0.20381 0
19600 0.175998 2.01337 0.0670947 66.8562 45.4349 -0.116592 0.00505866 -0.641874 0.20205 0
19700 0.176088 2.01371 0.0676281 66.852 45.4282 -0.117115 0.00508652 -0.6477 0.198575 0
19800 0.176283 2.01414 0.0680876 66.8474 45.4226 -0.11761 0.00511197 -0.654816 0.196018 0
19900 0.176339 2.01471 0.0684891 66.8409 45.425 -0.118074 0.00513973 -0.654791 0.191388 0
20000 0.176489 2.01529 0.0688095 66.8332 45.4286 -0.118525 0.00516791 -0.654406 0.191687 0
